2024-06-13 23:24:10.463	0.00	0.00	-3.14	0.00	0.00
2024-06-13 23:24:10.484	-0.00	0.00	-3.16	-135.96	0.00
2024-06-13 23:24:10.505	-0.01	-0.15	-3.18	-19.20	0.00
2024-06-13 23:24:10.525	-0.01	-0.19	-3.21	-3.59	0.00
2024-06-13 23:24:10.546	-0.02	-0.21	-3.23	-1.54	0.00
2024-06-13 23:24:10.567	-0.02	-0.22	-3.24	-0.93	0.00
2024-06-13 23:24:10.588	-0.02	-0.21	-3.26	-0.81	0.00
2024-06-13 23:24:10.608	-0.03	-0.21	-3.27	-0.80	0.00
2024-06-13 23:24:10.629	-0.03	-0.22	-3.28	-0.64	0.00
2024-06-13 23:24:10.650	-0.04	-0.21	-3.29	-0.49	0.00
2024-06-13 23:24:10.671	-0.04	-0.21	-3.29	-0.33	0.00
2024-06-13 23:24:10.692	-0.05	-0.21	-3.29	-0.18	0.00
2024-06-13 23:24:10.712	-0.05	-0.21	-3.29	-0.02	0.00
2024-06-13 23:24:10.733	-0.05	-0.21	-3.29	0.00	0.00
2024-06-13 23:24:10.754	-0.06	-0.21	-3.28	0.13	0.00
2024-06-13 23:24:10.775	-0.06	-0.21	-3.27	0.41	0.00
2024-06-13 23:24:10.796	-0.07	-0.22	-3.25	0.45	0.00
2024-06-13 23:24:10.817	-0.07	-0.21	-3.24	0.72	0.00
2024-06-13 23:24:10.838	-0.07	-0.21	-3.23	0.63	0.00
2024-06-13 23:24:10.859	-0.08	-0.21	-3.21	0.75	0.00
2024-06-13 23:24:10.879	-0.08	-0.21	-3.19	0.90	0.00
2024-06-13 23:24:10.900	-0.09	-0.21	-3.17	0.91	0.00
2024-06-13 23:24:10.921	-0.09	-0.21	-3.15	0.93	0.00
2024-06-13 23:24:10.942	-0.10	-0.21	-3.13	0.92	0.00
2024-06-13 23:24:10.963	-0.10	-0.21	-3.12	0.92	0.00
2024-06-13 23:24:10.983	-0.10	-0.21	-3.10	0.92	0.00
2024-06-13 23:24:11.004	-0.11	-0.21	-3.08	0.78	0.00
2024-06-13 23:24:11.025	-0.11	-0.21	-3.07	0.76	0.00
2024-06-13 23:24:11.046	-0.12	-0.21	-3.06	0.77	0.00
2024-06-13 23:24:11.067	-0.12	-0.21	-3.05	0.64	0.00
2024-06-13 23:24:11.087	-0.12	-0.21	-3.04	0.48	0.00
2024-06-13 23:24:11.108	-0.13	-0.21	-3.04	0.34	0.00
2024-06-13 23:24:11.129	-0.13	-0.21	-3.04	0.17	0.00
2024-06-13 23:24:11.150	-0.14	-0.21	-3.04	0.14	0.00
2024-06-13 23:24:11.170	-0.14	-0.21	-3.04	0.02	0.00
2024-06-13 23:24:11.191	-0.15	-0.21	-3.04	0.01	0.00
2024-06-13 23:24:11.212	-0.15	-0.21	-3.05	-0.13	0.00
2024-06-13 23:24:11.233	-0.15	-0.21	-3.06	-0.40	0.00
2024-06-13 23:24:11.254	-0.16	-0.21	-3.07	-0.45	0.00
2024-06-13 23:24:11.275	-0.16	-0.22	-3.08	-0.60	0.00
2024-06-13 23:24:11.295	-0.17	-0.21	-3.10	-0.61	0.00
2024-06-13 23:24:11.316	-0.17	-0.21	-3.11	-0.74	0.00
2024-06-13 23:24:11.337	-0.17	-0.21	-3.13	-0.78	0.00
2024-06-13 23:24:11.358	-0.18	-0.22	-3.15	-0.91	0.00
2024-06-13 23:24:11.379	-0.18	-0.21	-3.16	-0.78	0.00
2024-06-13 23:24:11.399	-0.19	-0.21	-3.18	-0.90	0.00
2024-06-13 23:24:11.420	-0.19	-0.21	-3.19	-0.79	0.00
2024-06-13 23:24:11.441	-0.20	-0.21	-3.21	-0.77	0.00
2024-06-13 23:24:11.462	-0.20	-0.21	-3.22	-0.77	0.00
2024-06-13 23:24:11.483	-0.20	-0.21	-3.23	-0.63	0.00
2024-06-13 23:24:11.503	-0.00	-0.18	-3.23	-0.50	0.00
2024-06-13 23:24:11.524	0.00	8.76	-3.20	0.06	0.00
2024-06-13 23:24:11.545	0.01	1.37	-3.16	1.32	0.00
2024-06-13 23:24:11.566	0.02	0.46	-3.11	1.92	0.00
2024-06-13 23:24:11.586	0.02	0.34	-3.07	2.25	0.00
2024-06-13 23:24:11.607	0.03	0.31	-3.04	2.03	0.00
2024-06-13 23:24:11.628	0.04	0.32	-3.00	1.88	0.00
2024-06-13 23:24:11.649	0.04	0.31	-2.97	1.71	0.00
2024-06-13 23:24:11.669	0.05	0.32	-2.94	1.70	0.00
2024-06-13 23:24:11.690	0.05	0.31	-2.92	1.42	0.00
2024-06-13 23:24:11.711	0.06	0.32	-2.90	1.25	0.00
2024-06-13 23:24:11.732	0.07	0.32	-2.89	0.97	0.00
2024-06-13 23:24:11.752	0.07	0.31	-2.88	0.65	0.00
2024-06-13 23:24:11.773	0.08	0.32	-2.88	0.36	0.00
2024-06-13 23:24:11.794	0.09	0.32	-2.88	0.05	0.00
2024-06-13 23:24:11.815	0.09	0.31	-2.89	0.00	0.00
2024-06-13 23:24:11.835	0.10	0.32	-2.90	-0.27	0.00
2024-06-13 23:24:11.856	0.10	0.31	-2.92	-0.84	0.00
2024-06-13 23:24:11.877	0.11	0.31	-2.95	-1.04	0.00
2024-06-13 23:24:11.898	0.12	0.32	-2.98	-1.20	0.00
2024-06-13 23:24:11.919	0.12	0.32	-3.01	-1.36	0.00
2024-06-13 23:24:11.939	0.13	0.31	-3.04	-1.51	0.00
2024-06-13 23:24:11.960	0.14	0.32	-3.08	-1.66	0.00
2024-06-13 23:24:11.981	0.14	0.31	-3.12	-1.83	0.00
2024-06-13 23:24:12.002	0.15	0.32	-3.16	-1.97	0.00
2024-06-13 23:24:12.022	0.15	0.32	-3.20	-1.99	0.00
2024-06-13 23:24:12.043	0.16	0.32	-3.23	-1.99	0.00
2024-06-13 23:24:12.064	0.17	0.31	-3.27	-1.85	0.00
2024-06-13 23:24:12.085	0.17	0.32	-3.31	-1.84	0.00
2024-06-13 23:24:12.106	0.18	0.32	-3.34	-1.84	0.00
2024-06-13 23:24:12.126	0.19	0.32	-3.36	-1.45	0.00
2024-06-13 23:24:12.147	0.19	0.31	-3.39	-1.38	0.00
2024-06-13 23:24:12.168	0.20	0.32	-3.40	-1.12	0.00
2024-06-13 23:24:12.189	0.20	0.31	-3.42	-0.94	0.00
2024-06-13 23:24:12.209	0.21	0.32	-3.45	-0.67	0.00
2024-06-13 23:24:12.230	0.21	0.10	-3.47	-1.43	0.00
2024-06-13 23:24:12.251	0.21	0.01	-3.50	-1.29	0.00
2024-06-13 23:24:12.272	0.21	-0.01	-3.52	-1.38	0.00
2024-06-13 23:24:12.292	0.21	-0.00	-3.52	-0.85	0.00
2024-06-13 23:24:12.313	0.21	0.01	-3.53	-0.52	0.00
2024-06-13 23:24:12.334	0.21	0.01	-3.52	-0.08	0.00
2024-06-13 23:24:12.355	0.21	0.01	-3.51	0.13	0.00
2024-06-13 23:24:12.375	0.21	0.01	-3.49	0.54	0.00
2024-06-13 23:24:12.396	0.21	0.00	-3.46	1.00	0.00
2024-06-13 23:24:12.417	0.21	0.01	-3.43	1.33	0.00
2024-06-13 23:24:12.438	0.21	0.00	-3.39	1.64	0.00
2024-06-13 23:24:12.458	0.21	0.00	-3.34	1.95	0.00
2024-06-13 23:24:12.479	0.21	0.00	-3.30	2.12	0.00
2024-06-13 23:24:12.500	0.21	0.00	-3.25	2.28	0.00
2024-06-13 23:24:12.521	0.21	0.00	-3.20	2.43	0.00
2024-06-13 23:24:12.541	0.21	0.00	-3.15	2.58	0.00
2024-06-13 23:24:12.562	0.21	0.00	-3.10	2.61	0.00
2024-06-13 23:24:12.583	0.21	0.00	-3.05	2.47	0.00
2024-06-13 23:24:12.604	0.21	0.00	-3.00	2.46	0.00
2024-06-13 23:24:12.624	0.21	0.00	-2.96	2.32	0.00
2024-06-13 23:24:12.645	0.21	0.00	-2.92	2.31	0.00
2024-06-13 23:24:12.666	0.21	0.00	-2.88	2.03	0.00
2024-06-13 23:24:12.687	0.21	0.00	-2.86	1.60	0.00
2024-06-13 23:24:12.707	0.21	0.00	-2.84	1.54	0.00
2024-06-13 23:24:12.729	0.00	0.00	-2.80	1.13	0.00
2024-06-13 23:24:12.749	0.00	-8.95	-2.75	1.35	0.00
2024-06-13 23:24:12.769	0.00	-1.21	-2.70	2.43	0.00
2024-06-13 23:24:12.790	0.00	-0.16	-2.64	2.85	0.00
2024-06-13 23:24:12.811	0.00	-0.02	-2.59	2.77	0.00
2024-06-13 23:24:12.831	0.00	-0.00	-2.53	2.76	0.00
2024-06-13 23:24:12.851	0.00	-0.00	-2.48	2.63	0.00
2024-06-13 23:24:12.872	0.00	-0.00	-2.42	2.61	0.00
2024-06-13 23:24:12.893	0.00	-0.00	-2.37	2.74	0.00
2024-06-13 23:24:12.914	0.00	-0.00	-2.30	2.89	0.00
2024-06-13 23:24:12.935	0.00	-0.00	-2.23	3.18	0.00
2024-06-13 23:24:12.955	0.00	-0.00	-2.16	3.47	0.00
2024-06-13 23:24:12.976	0.00	-0.00	-2.08	3.65	0.00
2024-06-13 23:24:12.997	0.00	-0.00	-2.00	3.81	0.00
2024-06-13 23:24:13.018	0.00	-0.00	-1.93	3.84	0.00
2024-06-13 23:24:13.038	0.00	-0.00	-1.85	3.97	0.00
2024-06-13 23:24:13.059	0.00	-0.00	-1.77	3.85	0.00
2024-06-13 23:24:13.080	0.00	-0.00	-1.70	3.84	0.00
2024-06-13 23:24:13.101	0.00	-0.00	-1.62	3.84	0.00
2024-06-13 23:24:13.122	0.00	-0.00	-1.55	3.70	0.00
2024-06-13 23:24:13.142	0.00	-0.00	-1.48	3.69	0.00
2024-06-13 23:24:13.163	0.00	-0.00	-1.41	3.56	0.00
2024-06-13 23:24:13.184	0.00	-0.00	-1.34	3.53	0.00
2024-06-13 23:24:13.204	0.00	-0.00	-1.27	3.53	0.00
2024-06-13 23:24:13.225	0.00	-0.00	-1.21	3.27	0.00
2024-06-13 23:24:13.246	0.00	-0.00	-1.15	3.09	0.00
2024-06-13 23:24:13.267	0.00	-0.00	-1.09	3.07	0.00
2024-06-13 23:24:13.287	0.00	-0.00	-1.04	2.93	0.00
2024-06-13 23:24:13.308	0.00	-0.00	-0.98	2.78	0.00
2024-06-13 23:24:13.329	0.00	-0.00	-0.94	2.50	0.00
2024-06-13 23:24:13.351	0.00	-0.00	-0.89	2.33	0.00
2024-06-13 23:24:13.371	0.00	-0.00	-0.85	2.30	0.00
2024-06-13 23:24:13.392	0.00	-0.00	-0.82	2.03	0.00
2024-06-13 23:24:13.413	0.00	-0.00	-0.78	1.87	0.00
2024-06-13 23:24:13.434	0.00	-0.00	-0.75	1.85	0.00
2024-06-13 23:24:13.454	0.00	-0.00	-0.72	1.71	0.00
2024-06-13 23:24:13.475	0.00	-0.00	-0.68	1.68	0.00
2024-06-13 23:24:13.496	0.00	-0.00	-0.65	1.55	0.00
2024-06-13 23:24:13.517	0.00	-0.00	-0.63	1.41	0.00
2024-06-13 23:24:13.537	0.00	-0.00	-0.60	1.39	0.00
2024-06-13 23:24:13.558	0.00	-0.00	-0.57	1.38	0.00
2024-06-13 23:24:13.579	0.00	-0.00	-0.54	1.38	0.00
2024-06-13 23:24:13.600	0.00	-0.00	-0.52	1.39	0.00
2024-06-13 23:24:13.620	0.00	-0.00	-0.49	1.38	0.00
2024-06-13 23:24:13.641	0.00	-0.00	-0.47	1.37	0.00
2024-06-13 23:24:13.662	0.00	-0.00	-0.44	1.11	0.00
2024-06-13 23:24:13.683	0.00	-0.00	-0.42	1.21	0.00
2024-06-13 23:24:13.703	0.00	-0.00	-0.40	1.09	0.00
2024-06-13 23:24:13.724	0.00	-0.00	-0.38	1.08	0.00
2024-06-13 23:24:13.745	0.00	-0.00	-0.36	1.08	0.00
2024-06-13 23:24:13.766	0.00	-0.00	-0.33	1.07	0.00
2024-06-13 23:24:13.786	0.00	-0.00	-0.32	1.07	0.00
2024-06-13 23:24:13.807	0.00	-0.00	-0.30	0.94	0.00
2024-06-13 23:24:13.828	0.00	-0.00	-0.29	0.80	0.00
2024-06-13 23:24:13.849	0.00	-0.00	-0.27	0.76	0.00
2024-06-13 23:24:13.869	0.00	-0.00	-0.26	0.63	0.00
2024-06-13 23:24:13.890	0.00	-0.00	-0.24	0.75	0.00
2024-06-13 23:24:13.911	0.00	-0.00	-0.23	0.77	0.00
2024-06-13 23:24:13.932	0.00	-0.00	-0.22	0.76	0.00
2024-06-13 23:24:13.952	0.00	-0.00	-0.21	0.50	0.00
2024-06-13 23:24:13.973	0.00	-0.00	-0.20	0.60	0.00
2024-06-13 23:24:14.103	0.00	-0.00	-0.19	0.48	-3.20
2024-06-13 23:24:14.132	0.00	-0.00	-0.14	0.46	-1.88
2024-06-13 23:24:14.167	0.00	-0.00	-0.13	2.06	5.98
2024-06-13 23:24:14.204	0.00	-0.00	-0.12	0.67	-0.27
2024-06-13 23:24:14.226	0.00	-0.00	-0.11	0.49	-0.84
2024-06-13 23:24:14.254	0.00	-0.00	-0.10	0.74	0.60
2024-06-13 23:24:14.283	0.00	-0.00	-0.10	0.36	-1.16
2024-06-13 23:24:14.291	0.00	-0.00	-0.09	0.31	-1.15
2024-06-13 23:24:14.329	0.00	-0.00	-0.08	0.44	-0.24
2024-06-13 23:24:14.356	0.00	-0.00	-0.08	0.19	-1.39
2024-06-13 23:24:14.382	0.00	-0.00	-0.07	0.30	-0.62
2024-06-13 23:24:14.404	0.00	-0.00	-0.06	0.31	-0.28
2024-06-13 23:24:14.429	0.00	-0.00	-0.06	0.44	0.34
2024-06-13 23:24:14.448	0.00	-0.00	-0.05	0.32	0.09
2024-06-13 23:24:14.476	0.00	-0.00	-0.04	0.44	0.91
2024-06-13 23:24:14.505	0.00	-0.00	-0.04	0.19	-0.24
2024-06-13 23:24:14.530	0.00	-0.00	-0.03	0.29	0.49
2024-06-13 23:24:14.553	0.00	-0.00	-0.03	0.17	-0.05
2024-06-13 23:24:14.578	0.00	-0.00	-0.02	0.29	0.78
2024-06-13 23:24:14.604	0.00	-0.00	-0.01	0.44	1.78
2024-06-13 23:24:14.626	0.00	-0.00	-0.01	0.32	1.25
2024-06-13 23:24:14.643	0.00	-0.00	-0.00	0.31	1.45
2024-06-13 23:24:14.667	0.00	-0.00	-0.00	0.20	0.97
2024-06-13 23:24:14.689	0.00	0.03	-0.00	0.06	0.38
2024-06-13 23:24:14.697	0.00	0.05	-0.00	0.02	0.26
2024-06-13 23:24:14.735	0.00	0.08	-0.01	-0.12	-0.60
2024-06-13 23:24:14.743	0.01	0.09	-0.01	-0.14	-0.66
2024-06-13 23:24:14.780	0.01	0.10	-0.02	-0.28	-1.57
2024-06-13 23:24:14.798	0.01	0.07	-0.02	-0.18	-1.20
2024-06-13 23:24:14.817	0.01	0.08	-0.02	-0.15	-1.04
2024-06-13 23:24:14.840	0.01	0.04	-0.02	-0.03	-0.60
2024-06-13 23:24:14.849	0.01	0.01	-0.02	0.00	-0.51
2024-06-13 23:24:14.874	0.01	-0.02	-0.01	-0.00	-0.32
2024-06-13 23:24:14.910	0.01	-0.03	-0.01	0.27	0.92
2024-06-13 23:24:14.928	0.01	-0.04	-0.00	0.17	0.74
2024-06-13 23:24:14.951	0.01	-0.06	-0.00	0.29	1.21
2024-06-13 23:24:14.973	0.01	-0.03	-0.00	0.17	0.75
2024-06-13 23:24:14.997	0.01	-0.01	-0.00	0.02	0.09
2024-06-13 23:24:15.005	0.01	0.01	-0.00	0.00	0.03
2024-06-13 23:24:15.039	0.01	0.03	-0.00	0.00	0.09
2024-06-13 23:24:15.064	0.01	0.04	-0.01	-0.13	-0.75
2024-06-13 23:24:15.089	0.01	0.03	-0.01	-0.29	-1.52
2024-06-13 23:24:15.107	0.01	0.04	-0.02	-0.17	-1.26
2024-06-13 23:24:15.117	0.01	0.02	-0.02	-0.16	-1.22
2024-06-13 23:24:15.146	0.01	0.00	-0.02	-0.15	-1.23
2024-06-13 23:24:15.168	0.01	-0.04	-0.02	-0.02	-0.79
2024-06-13 23:24:15.190	0.01	-0.07	-0.01	0.01	-0.43
2024-06-13 23:24:15.220	0.00	-0.09	-0.00	0.26	0.95
2024-06-13 23:24:15.245	0.00	-0.11	0.01	0.43	1.99
2024-06-13 23:24:15.254	-0.00	-0.14	0.01	0.46	2.06
2024-06-13 23:24:15.277	-0.00	-0.12	0.01	0.20	0.88
2024-06-13 23:24:15.295	-0.00	-0.04	0.01	0.16	0.91
2024-06-13 23:24:15.317	-0.00	-0.01	0.01	0.02	0.34
2024-06-13 23:24:15.355	-0.00	0.01	-0.00	-0.26	-1.20
2024-06-13 23:24:15.374	-0.00	0.03	-0.01	-0.30	-1.62
2024-06-13 23:24:15.402	-0.00	0.04	-0.02	-0.57	-3.15
2024-06-13 23:24:15.429	-0.00	0.02	-0.02	-0.21	-1.53
2024-06-13 23:24:15.442	-0.00	-0.02	-0.02	-0.16	-1.39
2024-06-13 23:24:15.468	-0.01	-0.11	-0.01	-0.02	-0.73
2024-06-13 23:24:15.506	-0.01	-0.13	-0.00	0.27	0.86
2024-06-13 23:24:15.530	-0.01	-0.15	0.01	0.42	1.79
2024-06-13 23:24:15.556	-0.02	-0.28	0.02	0.85	3.69
2024-06-13 23:24:15.576	-0.02	-0.18	0.03	0.52	2.75
2024-06-13 23:24:15.603	-0.02	-0.14	0.03	0.20	1.34
2024-06-13 23:24:15.624	-0.02	-0.05	0.02	0.03	0.51
2024-06-13 23:24:15.654	-0.02	0.00	0.01	-0.40	-1.65
2024-06-13 23:24:15.681	-0.02	0.04	-0.01	-0.59	-2.99
2024-06-13 23:24:15.704	-0.02	0.08	-0.02	-0.74	-3.87
2024-06-13 23:24:15.713	-0.02	0.04	-0.03	-0.62	-3.73
2024-06-13 23:24:15.735	-0.02	-0.02	-0.02	-0.23	-1.81
2024-06-13 23:24:15.756	-0.03	-0.13	-0.01	0.10	-0.30
2024-06-13 23:24:15.778	-0.03	-0.21	0.00	0.53	1.80
2024-06-13 23:24:15.798	-0.04	-0.24	0.02	0.87	3.86
2024-06-13 23:24:15.817	-0.04	-0.23	0.03	0.65	3.17
2024-06-13 23:24:15.838	-0.04	-0.17	0.03	0.49	2.58
2024-06-13 23:24:15.860	-0.04	-0.10	0.03	0.07	0.79
2024-06-13 23:24:15.898	-0.04	-0.04	0.02	-0.13	-0.26
2024-06-13 23:24:15.925	-0.04	-0.01	0.01	-0.27	-1.11
2024-06-13 23:24:15.954	-0.04	0.02	-0.00	-0.57	-2.76
2024-06-13 23:24:15.966	-0.04	0.02	-0.01	-0.48	-2.65
2024-06-13 23:24:15.983	-0.04	-0.01	-0.01	-0.46	-2.60
2024-06-13 23:24:16.006	-0.05	-0.07	-0.00	-0.07	-0.69
2024-06-13 23:24:16.027	-0.05	-0.15	0.01	0.26	0.90
2024-06-13 23:24:16.051	-0.05	-0.18	0.02	0.57	2.56
2024-06-13 23:24:16.066	-0.06	-0.19	0.03	0.61	3.01
2024-06-13 23:24:16.088	-0.06	-0.17	0.03	0.48	2.47
2024-06-13 23:24:16.110	-0.06	-0.09	0.03	0.08	0.81
2024-06-13 23:24:16.129	-0.06	-0.05	0.02	0.00	0.27
2024-06-13 23:24:16.151	-0.06	-0.01	0.02	-0.26	-0.84
2024-06-13 23:24:16.170	-0.06	0.01	0.01	-0.30	-1.27
2024-06-13 23:24:16.188	-0.06	0.01	0.01	-0.30	-1.28
2024-06-13 23:24:16.212	-0.06	-0.02	0.01	-0.18	-0.81
2024-06-13 23:24:16.231	-0.06	-0.04	0.01	-0.16	-0.75
2024-06-13 23:24:16.254	-0.06	-0.06	0.01	-0.02	-0.20
2024-06-13 23:24:16.272	-0.06	-0.09	0.01	-0.00	-0.15
2024-06-13 23:24:16.296	-0.07	-0.09	0.01	0.13	0.43
2024-06-13 23:24:16.316	-0.07	-0.09	0.02	0.15	0.80
2024-06-13 23:24:16.338	-0.07	-0.10	0.02	0.29	1.44
2024-06-13 23:24:16.358	-0.07	-0.08	0.02	0.04	0.32
2024-06-13 23:24:16.379	-0.07	-0.06	0.02	0.14	0.83
2024-06-13 23:24:16.399	-0.07	-0.03	0.02	0.02	0.36
2024-06-13 23:24:16.418	-0.07	-0.03	0.02	0.01	0.33
2024-06-13 23:24:16.439	-0.07	-0.01	0.02	0.00	0.31
2024-06-13 23:24:16.463	-0.07	-0.01	0.01	-0.13	-0.57
2024-06-13 23:24:16.481	-0.07	-0.00	0.01	-0.15	-0.64
2024-06-13 23:24:16.502	-0.07	-0.00	0.01	-0.16	-0.68
2024-06-13 23:24:16.525	-0.07	-0.02	0.01	-0.02	-0.09
2024-06-13 23:24:16.543	-0.07	-0.03	0.01	-0.00	-0.03
2024-06-13 23:24:16.569	-0.08	-0.04	0.01	0.00	-0.04
2024-06-13 23:24:16.587	-0.08	-0.04	0.01	0.00	-0.04
2024-06-13 23:24:16.606	-0.08	-0.04	0.01	0.00	-0.05
2024-06-13 23:24:16.626	-0.08	-0.03	0.01	-0.01	-0.08
2024-06-13 23:24:16.654	-0.08	-0.05	0.01	0.00	-0.07
2024-06-13 23:24:16.667	-0.08	-0.04	0.01	-0.00	-0.08
2024-06-13 23:24:16.706	-0.08	-0.04	0.01	0.13	0.53
2024-06-13 23:24:16.729	-0.08	-0.05	0.01	0.02	0.01
2024-06-13 23:24:16.743	-0.08	-0.05	0.01	0.00	-0.09
2024-06-13 23:24:16.755	-0.08	-0.04	0.01	0.00	-0.10
2024-06-13 23:24:16.784	-0.08	-0.03	0.01	-0.00	-0.07
2024-06-13 23:24:16.800	-0.08	-0.04	0.01	-0.00	-0.07
2024-06-13 23:24:16.821	-0.08	-0.04	0.01	0.00	-0.07
2024-06-13 23:24:16.840	-0.09	-0.04	0.01	0.00	-0.07
2024-06-13 23:24:16.866	-0.09	-0.04	0.01	-0.01	-0.13
2024-06-13 23:24:16.884	-0.09	-0.05	0.01	0.00	-0.11
2024-06-13 23:24:16.901	-0.09	-0.04	0.01	0.00	-0.11
2024-06-13 23:24:16.930	-0.09	-0.05	0.01	-0.01	-0.16
2024-06-13 23:24:16.943	-0.09	-0.05	0.01	0.00	-0.14
2024-06-13 23:24:16.968	-0.09	-0.05	0.01	-0.01	-0.17
2024-06-13 23:24:16.998	-0.09	-0.06	0.02	0.01	0.15
2024-06-13 23:24:17.022	-0.09	-0.06	0.02	0.13	0.71
2024-06-13 23:24:17.044	-0.10	-0.06	0.02	0.02	0.22
2024-06-13 23:24:17.062	-0.10	-0.07	0.02	0.00	0.10
2024-06-13 23:24:17.082	-0.10	-0.04	0.02	0.01	0.18
2024-06-13 23:24:17.093	-0.10	-0.04	0.02	0.01	0.19
2024-06-13 23:24:17.113	-0.10	-0.04	0.02	-0.00	0.17
2024-06-13 23:24:17.134	-0.10	-0.03	0.02	-0.01	0.15
2024-06-13 23:24:17.157	-0.10	-0.03	0.02	0.00	0.17
2024-06-13 23:24:17.182	-0.10	-0.02	0.02	0.00	0.19
2024-06-13 23:24:17.196	-0.10	-0.02	0.02	-0.00	0.20
2024-06-13 23:24:17.216	-0.10	-0.02	0.02	0.00	0.20
2024-06-13 23:24:17.249	-0.10	-0.01	0.01	0.00	-0.04
2024-06-13 23:24:17.276	-0.10	-0.01	0.01	-0.13	-0.65
2024-06-13 23:24:17.298	-0.10	-0.00	0.01	-0.03	-0.18
2024-06-13 23:24:17.312	-0.10	-0.01	0.01	0.00	-0.06
2024-06-13 23:24:17.332	-0.10	-0.02	0.01	-0.01	-0.11
2024-06-13 23:24:17.350	-0.10	-0.03	0.01	0.00	-0.09
2024-06-13 23:24:17.369	-0.10	-0.03	0.01	0.00	-0.10
2024-06-13 23:24:17.401	-0.10	-0.02	0.02	0.00	0.18
2024-06-13 23:24:17.424	-0.10	-0.04	0.02	0.15	0.84
2024-06-13 23:24:17.435	-0.10	-0.03	0.02	0.15	0.86
2024-06-13 23:24:17.451	-0.10	-0.03	0.02	0.15	0.86
2024-06-13 23:24:17.487	-0.10	-0.01	0.02	0.02	0.33
2024-06-13 23:24:17.494	-0.10	0.01	0.02	0.00	0.27
2024-06-13 23:24:17.526	-0.10	0.03	0.02	0.01	0.37
2024-06-13 23:24:17.552	-0.10	0.04	0.02	-0.15	-0.32
2024-06-13 23:24:17.575	-0.10	0.03	0.02	-0.02	0.25
2024-06-13 23:24:17.595	-0.10	0.06	0.02	-0.13	-0.17
2024-06-13 23:24:17.616	-0.10	0.04	0.02	-0.02	0.28
2024-06-13 23:24:17.633	-0.10	0.05	0.02	-0.00	0.40
2024-06-13 23:24:17.658	-0.10	0.04	0.01	-0.01	0.08
2024-06-13 23:24:17.681	-0.10	0.05	0.01	-0.13	-0.47
2024-06-13 23:24:17.705	-0.10	0.05	0.01	-0.01	0.08
2024-06-13 23:24:17.722	-0.09	0.07	0.01	-0.00	0.18
2024-06-13 23:24:17.738	-0.09	0.05	0.01	-0.00	0.17
2024-06-13 23:24:17.753	-0.09	0.05	0.01	-0.00	0.17
2024-06-13 23:24:17.772	-0.09	0.05	0.01	-0.00	0.17
2024-06-13 23:24:17.799	-0.09	0.06	0.01	-0.00	0.17
2024-06-13 23:24:17.818	-0.09	0.06	0.01	0.00	0.17
2024-06-13 23:24:17.843	-0.09	0.07	0.01	0.00	0.21
2024-06-13 23:24:17.860	-0.09	0.07	0.01	-0.00	0.21
2024-06-13 23:24:17.877	-0.08	0.07	0.01	-0.01	0.20
2024-06-13 23:24:17.902	-0.08	0.07	0.01	0.00	0.22
2024-06-13 23:24:17.929	-0.08	0.09	0.01	0.00	0.28
2024-06-13 23:24:17.939	-0.08	0.08	0.01	-0.00	0.28
2024-06-13 23:24:17.961	-0.08	0.09	0.01	-0.01	0.25
2024-06-13 23:24:17.992	-0.08	0.10	0.01	0.01	0.38
2024-06-13 23:24:18.002	-0.07	0.10	0.01	0.00	0.36
2024-06-13 23:24:18.023	-0.07	0.10	0.01	0.00	0.35
2024-06-13 23:24:18.053	-0.07	0.12	0.01	0.00	0.40
2024-06-13 23:24:18.081	-0.07	0.12	0.01	-0.13	-0.16
2024-06-13 23:24:18.103	-0.06	0.13	0.01	-0.03	0.31
2024-06-13 23:24:18.121	-0.06	0.15	0.01	-0.13	-0.04
2024-06-13 23:24:18.146	-0.06	0.14	0.01	-0.01	0.46
2024-06-13 23:24:18.155	-0.05	0.14	0.01	-0.01	0.47
2024-06-13 23:24:18.190	-0.05	0.15	0.01	-0.13	-0.04
2024-06-13 23:24:18.207	-0.05	0.15	0.00	-0.03	0.13
2024-06-13 23:24:18.230	-0.05	0.17	-0.00	-0.13	-0.25
2024-06-13 23:24:18.246	-0.04	0.16	-0.00	-0.15	-0.35
2024-06-13 23:24:18.261	-0.04	0.16	-0.00	-0.16	-0.39
2024-06-13 23:24:18.294	-0.04	0.16	-0.01	-0.02	-0.04
2024-06-13 23:24:18.317	-0.03	0.14	-0.01	-0.13	-0.57
2024-06-13 23:24:18.339	-0.03	0.14	-0.01	-0.02	-0.08
2024-06-13 23:24:18.356	-0.03	0.15	-0.01	-0.01	-0.00
2024-06-13 23:24:18.369	-0.03	0.14	-0.01	-0.00	0.03
2024-06-13 23:24:18.389	-0.02	0.13	-0.01	0.01	0.06
2024-06-13 23:24:18.414	-0.02	0.12	-0.01	0.00	0.02
2024-06-13 23:24:18.437	-0.02	0.13	-0.01	0.01	0.07
2024-06-13 23:24:18.455	-0.01	0.12	-0.01	-0.00	0.04
2024-06-13 23:24:18.476	-0.01	0.13	-0.01	-0.00	0.03
2024-06-13 23:24:18.492	-0.01	0.13	-0.01	-0.01	0.01
2024-06-13 23:24:18.514	-0.01	0.12	-0.01	0.00	0.03
2024-06-13 23:24:18.534	-0.00	0.13	-0.01	-0.02	-0.02
2024-06-13 23:24:18.563	-0.00	0.13	-0.01	-0.00	0.07
2024-06-13 23:24:18.582	0.00	0.13	-0.01	0.01	0.12
2024-06-13 23:24:18.595	0.00	0.13	-0.01	-0.00	0.11
2024-06-13 23:24:18.634	0.01	0.13	-0.01	-0.14	-0.54
2024-06-13 23:24:18.664	0.01	0.14	-0.01	-0.02	0.03
2024-06-13 23:24:18.682	0.01	0.16	-0.01	-0.12	-0.34
2024-06-13 23:24:18.709	0.01	0.18	-0.01	-0.01	0.21
2024-06-13 23:24:18.728	0.02	0.13	-0.01	-0.00	0.15
2024-06-13 23:24:18.743	0.02	0.14	-0.01	0.00	0.16
2024-06-13 23:24:18.756	0.02	0.13	-0.01	-0.00	0.17
2024-06-13 23:24:18.781	0.02	0.12	-0.01	-0.00	0.16
2024-06-13 23:24:18.812	0.03	0.13	-0.02	-0.01	-0.15
2024-06-13 23:24:18.834	0.03	0.14	-0.02	-0.12	-0.63
2024-06-13 23:24:18.851	0.03	0.13	-0.02	-0.15	-0.79
2024-06-13 23:24:18.881	0.04	0.14	-0.02	-0.02	-0.17
2024-06-13 23:24:18.906	0.04	0.12	-0.02	-0.15	-0.80
2024-06-13 23:24:18.930	0.04	0.12	-0.02	-0.01	-0.17
2024-06-13 23:24:18.942	0.04	0.12	-0.02	0.00	-0.11
2024-06-13 23:24:18.966	0.04	0.09	-0.02	-0.00	-0.15
2024-06-13 23:24:18.985	0.05	0.08	-0.02	0.00	-0.18
2024-06-13 23:24:18.999	0.05	0.08	-0.02	0.01	-0.17
2024-06-13 23:24:19.028	0.05	0.07	-0.02	-0.01	-0.25
2024-06-13 23:24:19.046	0.05	0.07	-0.02	0.01	-0.19
2024-06-13 23:24:19.061	0.05	0.06	-0.02	0.01	-0.18
2024-06-13 23:24:19.090	0.05	0.06	-0.02	-0.01	-0.28
2024-06-13 23:24:19.102	0.05	0.05	-0.02	0.00	-0.26
2024-06-13 23:24:19.123	0.05	0.06	-0.02	0.00	-0.26
2024-06-13 23:24:19.153	0.05	0.04	-0.02	-0.01	-0.32
2024-06-13 23:24:19.166	0.05	0.04	-0.02	-0.01	-0.32
2024-06-13 23:24:19.191	0.06	0.04	-0.02	0.01	-0.26
2024-06-13 23:24:19.213	0.06	0.02	-0.02	0.01	-0.28
2024-06-13 23:24:19.229	0.06	0.02	-0.02	0.01	-0.28
2024-06-13 23:24:19.256	0.06	0.02	-0.02	-0.01	-0.38
2024-06-13 23:24:19.276	0.06	0.00	-0.02	-0.00	-0.38
2024-06-13 23:24:19.288	0.06	0.01	-0.02	0.00	-0.39
2024-06-13 23:24:19.310	0.06	0.00	-0.02	0.01	-0.37
2024-06-13 23:24:19.340	0.06	-0.01	-0.02	-0.00	-0.42
2024-06-13 23:24:19.363	0.06	-0.03	-0.02	-0.01	-0.52
2024-06-13 23:24:19.376	0.05	-0.02	-0.02	-0.00	-0.49
2024-06-13 23:24:19.401	0.05	-0.04	-0.02	-0.00	-0.51
2024-06-13 23:24:19.422	0.05	-0.05	-0.02	-0.00	-0.54
2024-06-13 23:24:19.443	0.05	-0.06	-0.02	-0.00	-0.58
2024-06-13 23:24:19.465	0.05	-0.07	-0.02	-0.00	-0.61
2024-06-13 23:24:19.485	0.05	-0.09	-0.02	0.01	-0.62
2024-06-13 23:24:19.513	0.04	-0.09	-0.02	0.12	-0.15
2024-06-13 23:24:19.533	0.04	-0.11	-0.01	0.16	0.27
2024-06-13 23:24:19.547	0.04	-0.12	-0.01	0.16	0.26
2024-06-13 23:24:19.579	0.04	-0.12	-0.01	0.02	-0.41
2024-06-13 23:24:19.601	0.04	-0.12	-0.01	0.13	0.07
2024-06-13 23:24:19.625	0.03	-0.13	-0.01	0.02	-0.45
2024-06-13 23:24:19.638	0.03	-0.12	-0.01	0.00	-0.53
2024-06-13 23:24:19.661	0.03	-0.13	-0.01	-0.01	-0.61
2024-06-13 23:24:19.677	0.03	-0.13	-0.01	-0.01	-0.62
2024-06-13 23:24:19.710	0.02	-0.13	-0.01	0.13	-0.00
2024-06-13 23:24:19.732	0.02	-0.15	-0.00	0.03	-0.24
2024-06-13 23:24:19.752	0.02	-0.17	-0.00	0.14	0.18
2024-06-13 23:24:19.765	0.01	-0.17	0.00	0.15	0.23
2024-06-13 23:24:19.788	0.01	-0.16	0.00	0.16	0.30
2024-06-13 23:24:19.815	0.01	-0.16	0.01	0.02	-0.05
2024-06-13 23:24:19.839	0.00	-0.15	0.01	0.14	0.50
2024-06-13 23:24:19.863	-0.00	-0.16	0.01	0.02	-0.07
2024-06-13 23:24:19.882	-0.00	-0.17	0.01	-0.00	-0.20
2024-06-13 23:24:19.890	-0.01	-0.16	0.01	-0.00	-0.20
2024-06-13 23:24:19.918	-0.01	-0.14	0.01	0.00	-0.18
2024-06-13 23:24:19.940	-0.01	-0.16	0.01	-0.00	-0.20
2024-06-13 23:24:19.952	-0.02	-0.15	0.01	-0.00	-0.20
2024-06-13 23:24:19.980	-0.02	-0.16	0.01	0.00	-0.22
2024-06-13 23:24:20.000	-0.02	-0.16	0.01	0.00	-0.23
2024-06-13 23:24:20.023	-0.03	-0.17	0.01	-0.00	-0.27
2024-06-13 23:24:20.052	-0.03	-0.17	0.01	0.13	0.30
2024-06-13 23:24:20.076	-0.03	-0.18	0.01	0.02	-0.22
2024-06-13 23:24:20.096	-0.04	-0.20	0.01	0.13	0.20
2024-06-13 23:24:20.122	-0.04	-0.20	0.01	0.02	-0.31
2024-06-13 23:24:20.130	-0.04	-0.18	0.01	0.00	-0.37
2024-06-13 23:24:20.165	-0.05	-0.20	0.01	0.14	0.21
2024-06-13 23:24:20.184	-0.05	-0.19	0.02	0.01	-0.08
2024-06-13 23:24:20.207	-0.06	-0.20	0.02	0.13	0.42
2024-06-13 23:24:20.223	-0.06	-0.19	0.02	0.15	0.53
2024-06-13 23:24:20.234	-0.06	-0.19	0.02	0.15	0.53
2024-06-13 23:24:20.273	-0.07	-0.18	0.02	0.01	-0.09
2024-06-13 23:24:20.289	-0.07	-0.15	0.02	0.01	-0.06
2024-06-13 23:24:20.311	-0.07	-0.17	0.02	0.01	-0.10
2024-06-13 23:24:20.334	-0.08	-0.16	0.03	-0.00	0.14
2024-06-13 23:24:20.359	-0.08	-0.15	0.03	0.14	0.83
2024-06-13 23:24:20.383	-0.08	-0.16	0.03	0.01	0.21
2024-06-13 23:24:20.403	-0.09	-0.18	0.03	0.13	0.68
2024-06-13 23:24:20.425	-0.09	-0.16	0.03	0.03	0.28
2024-06-13 23:24:20.432	-0.09	-0.14	0.03	0.01	0.22
2024-06-13 23:24:20.461	-0.09	-0.12	0.03	0.01	0.25
2024-06-13 23:24:20.473	-0.10	-0.11	0.03	-0.00	0.23
2024-06-13 23:24:20.493	-0.10	-0.11	0.03	0.00	0.23
2024-06-13 23:24:20.514	-0.10	-0.10	0.03	-0.01	0.21
2024-06-13 23:24:20.543	-0.10	-0.09	0.03	0.00	0.27
2024-06-13 23:24:20.560	-0.10	-0.09	0.03	0.01	0.32
2024-06-13 23:24:20.578	-0.10	-0.09	0.03	-0.00	0.30
2024-06-13 23:24:20.596	-0.11	-0.08	0.03	-0.00	0.29
2024-06-13 23:24:20.617	-0.11	-0.08	0.03	0.00	0.29
2024-06-13 23:24:20.644	-0.11	-0.07	0.03	0.00	0.31
2024-06-13 23:24:20.665	-0.11	-0.06	0.03	-0.00	0.33
2024-06-13 23:24:20.686	-0.11	-0.05	0.03	-0.00	0.36
2024-06-13 23:24:20.706	-0.11	-0.05	0.03	0.01	0.41
2024-06-13 23:24:20.723	-0.11	-0.05	0.03	-0.00	0.39
2024-06-13 23:24:20.751	-0.11	-0.03	0.03	-0.00	0.41
2024-06-13 23:24:20.764	-0.11	-0.03	0.03	-0.00	0.41
2024-06-13 23:24:20.791	-0.11	-0.02	0.03	0.00	0.44
2024-06-13 23:24:20.813	-0.11	-0.00	0.03	-0.01	0.45
2024-06-13 23:24:20.827	-0.11	-0.01	0.03	0.00	0.48
2024-06-13 23:24:20.847	-0.11	-0.00	0.03	-0.01	0.46
2024-06-13 23:24:20.879	-0.11	0.02	0.03	0.00	0.55
2024-06-13 23:24:20.905	-0.11	0.03	0.03	-0.12	0.05
2024-06-13 23:24:20.928	-0.11	0.04	0.03	-0.02	0.53
2024-06-13 23:24:20.946	-0.11	0.05	0.03	0.00	0.65
2024-06-13 23:24:20.963	-0.11	0.05	0.03	0.01	0.71
2024-06-13 23:24:20.990	-0.11	0.06	0.02	-0.01	0.39
2024-06-13 23:24:21.014	-0.11	0.08	0.02	-0.14	-0.17
2024-06-13 23:24:21.039	-0.10	0.09	0.02	-0.02	0.41
2024-06-13 23:24:21.062	-0.10	0.10	0.02	-0.13	-0.04
2024-06-13 23:24:21.085	-0.10	0.11	0.02	-0.03	0.43
2024-06-13 23:24:21.103	-0.10	0.11	0.02	0.00	0.59
2024-06-13 23:24:21.115	-0.09	0.11	0.02	0.00	0.59
2024-06-13 23:24:21.151	-0.09	0.11	0.02	-0.13	0.02
2024-06-13 23:24:21.174	-0.09	0.13	0.01	-0.01	0.32
2024-06-13 23:24:21.196	-0.09	0.15	0.01	-0.14	-0.19
2024-06-13 23:24:21.203	-0.08	0.15	0.01	-0.15	-0.23
2024-06-13 23:24:21.241	-0.08	0.15	0.01	-0.02	0.37
2024-06-13 23:24:21.247	-0.08	0.13	0.01	-0.01	0.40
2024-06-13 23:24:21.284	-0.07	0.15	0.01	-0.13	-0.11
2024-06-13 23:24:21.308	-0.07	0.14	0.01	-0.01	0.42
2024-06-13 23:24:21.318	-0.07	0.16	0.00	-0.00	0.27
2024-06-13 23:24:21.348	-0.07	0.17	0.01	-0.15	-0.11
2024-06-13 23:24:21.368	-0.06	0.15	0.00	-0.01	0.19
2024-06-13 23:24:21.393	-0.06	0.16	0.00	-0.14	-0.36
2024-06-13 23:24:21.417	-0.06	0.16	-0.00	-0.01	0.23
2024-06-13 23:24:21.438	-0.05	0.18	-0.00	-0.14	-0.29
2024-06-13 23:24:21.462	-0.05	0.18	-0.00	-0.01	0.31
2024-06-13 23:24:21.468	-0.05	0.16	-0.00	-0.00	0.34
2024-06-13 23:24:21.498	-0.04	0.18	-0.00	-0.00	0.37
2024-06-13 23:24:21.514	-0.04	0.16	-0.00	-0.00	0.37
2024-06-13 23:24:21.549	-0.04	0.17	-0.01	-0.12	-0.45
2024-06-13 23:24:21.559	-0.03	0.18	-0.01	-0.15	-0.56
2024-06-13 23:24:21.590	-0.03	0.21	-0.01	-0.15	-0.47
2024-06-13 23:24:21.612	-0.02	0.17	-0.01	-0.02	0.04
2024-06-13 23:24:21.622	-0.02	0.16	-0.01	-0.00	0.10
2024-06-13 23:24:21.639	-0.02	0.15	-0.01	-0.00	0.11
2024-06-13 23:24:21.665	-0.01	0.15	-0.01	-0.00	0.11
2024-06-13 23:24:21.682	-0.01	0.16	-0.01	-0.02	0.05
2024-06-13 23:24:21.720	-0.01	0.15	-0.01	-0.14	-0.52
2024-06-13 23:24:21.745	-0.01	0.16	-0.01	-0.01	0.10
2024-06-13 23:24:21.756	-0.00	0.18	-0.02	0.01	-0.01
2024-06-13 23:24:21.789	0.00	0.17	-0.02	-0.13	-0.67
2024-06-13 23:24:21.811	0.00	0.15	-0.02	-0.02	-0.23
2024-06-13 23:24:21.833	0.01	0.17	-0.02	0.00	-0.08
2024-06-13 23:24:21.839	0.01	0.15	-0.02	0.01	-0.05
2024-06-13 23:24:21.869	0.01	0.13	-0.02	0.01	-0.09
2024-06-13 23:24:21.889	0.02	0.13	-0.02	-0.01	-0.18
2024-06-13 23:24:21.900	0.02	0.13	-0.02	-0.01	-0.18
2024-06-13 23:24:21.930	0.02	0.12	-0.02	0.02	-0.08
2024-06-13 23:24:21.946	0.02	0.12	-0.02	-0.00	-0.14
2024-06-13 23:24:21.967	0.02	0.12	-0.02	-0.01	-0.18
2024-06-13 23:24:21.992	0.03	0.12	-0.02	0.01	-0.11
2024-06-13 23:24:22.010	0.03	0.11	-0.02	0.00	-0.15
2024-06-13 23:24:22.033	0.03	0.11	-0.02	-0.02	-0.24
2024-06-13 23:24:22.049	0.03	0.10	-0.02	-0.00	-0.19
2024-06-13 23:24:22.078	0.04	0.11	-0.02	0.01	-0.12
2024-06-13 23:24:22.097	0.04	0.09	-0.02	0.00	-0.18
2024-06-13 23:24:22.110	0.04	0.10	-0.02	-0.01	-0.21
2024-06-13 23:24:22.133	0.04	0.09	-0.02	-0.01	-0.22
2024-06-13 23:24:22.153	0.04	0.08	-0.02	0.00	-0.20
2024-06-13 23:24:22.179	0.04	0.09	-0.02	0.01	-0.15
2024-06-13 23:24:22.202	0.05	0.07	-0.02	-0.00	-0.21
2024-06-13 23:24:22.214	0.05	0.08	-0.02	0.00	-0.22
2024-06-13 23:24:22.234	0.05	0.07	-0.02	0.00	-0.22
2024-06-13 23:24:22.255	0.05	0.07	-0.02	0.00	-0.22
2024-06-13 23:24:22.280	0.05	0.06	-0.02	0.00	-0.23
2024-06-13 23:24:22.303	0.05	0.05	-0.02	0.00	-0.25
2024-06-13 23:24:22.318	0.05	0.06	-0.02	-0.01	-0.28
2024-06-13 23:24:22.345	0.05	0.04	-0.02	-0.00	-0.28
2024-06-13 23:24:22.359	0.05	0.04	-0.02	0.00	-0.28
2024-06-13 23:24:22.378	0.05	0.04	-0.02	0.00	-0.28
2024-06-13 23:24:22.409	0.05	0.03	-0.02	-0.01	-0.35
2024-06-13 23:24:22.424	0.06	0.02	-0.02	-0.00	-0.33
2024-06-13 23:24:22.447	0.06	0.02	-0.02	-0.01	-0.38
2024-06-13 23:24:22.462	0.06	0.01	-0.02	0.00	-0.36
2024-06-13 23:24:22.483	0.06	0.01	-0.02	0.01	-0.34
2024-06-13 23:24:22.508	0.06	0.00	-0.02	0.01	-0.34
2024-06-13 23:24:22.534	0.05	-0.01	-0.02	0.00	-0.42
2024-06-13 23:24:22.552	0.05	-0.02	-0.02	-0.00	-0.45
2024-06-13 23:24:22.572	0.05	-0.02	-0.02	-0.01	-0.50
2024-06-13 23:24:22.595	0.05	-0.04	-0.02	0.00	-0.51
2024-06-13 23:24:22.621	0.05	-0.04	-0.01	0.01	-0.22
2024-06-13 23:24:22.643	0.05	-0.06	-0.01	0.13	0.30
2024-06-13 23:24:22.667	0.05	-0.06	-0.01	0.02	-0.20
2024-06-13 23:24:22.684	0.05	-0.07	-0.01	0.01	-0.28
2024-06-13 23:24:22.701	0.05	-0.07	-0.01	-0.00	-0.33
2024-06-13 23:24:22.717	0.04	-0.07	-0.01	0.00	-0.34
2024-06-13 23:24:22.739	0.04	-0.07	-0.01	-0.00	-0.34
2024-06-13 23:24:22.769	0.04	-0.09	-0.01	-0.01	-0.45
2024-06-13 23:24:22.778	0.04	-0.09	-0.01	-0.00	-0.43
2024-06-13 23:24:22.798	0.04	-0.09	-0.01	0.01	-0.40
2024-06-13 23:24:22.829	0.04	-0.11	-0.01	0.01	-0.43
2024-06-13 23:24:22.856	0.03	-0.11	-0.01	0.13	0.09
2024-06-13 23:24:22.881	0.03	-0.13	-0.01	0.01	-0.50
2024-06-13 23:24:22.896	0.03	-0.14	-0.01	0.01	-0.55
2024-06-13 23:24:22.916	0.02	-0.14	-0.01	0.00	-0.61
2024-06-13 23:24:22.946	0.02	-0.14	-0.01	0.13	-0.03
2024-06-13 23:24:22.966	0.02	-0.15	-0.00	0.01	-0.32
2024-06-13 23:24:22.985	0.01	-0.17	-0.00	0.12	0.08
2024-06-13 23:24:23.008	0.01	-0.16	-0.00	0.03	-0.28
2024-06-13 23:24:23.028	0.01	-0.17	-0.00	0.13	0.13
2024-06-13 23:24:23.051	0.00	-0.16	0.00	0.02	-0.35
2024-06-13 23:24:23.072	0.00	-0.17	0.00	0.14	0.16
2024-06-13 23:24:23.097	-0.00	-0.18	0.00	0.02	-0.42
2024-06-13 23:24:23.111	-0.01	-0.18	0.01	0.00	-0.27
2024-06-13 23:24:23.140	-0.01	-0.20	0.01	0.13	0.28
2024-06-13 23:24:23.162	-0.01	-0.18	0.01	0.01	-0.22
2024-06-13 23:24:23.183	-0.02	-0.20	0.01	0.14	0.28
2024-06-13 23:24:23.205	-0.02	-0.20	0.01	0.03	-0.21
2024-06-13 23:24:23.228	-0.03	-0.18	0.01	0.13	0.28
2024-06-13 23:24:23.253	-0.03	-0.20	0.01	0.02	-0.27
2024-06-13 23:24:23.271	-0.03	-0.21	0.01	-0.00	-0.41
2024-06-13 23:24:23.285	-0.04	-0.21	0.01	-0.00	-0.42
2024-06-13 23:24:23.308	-0.04	-0.18	0.01	0.00	-0.39
2024-06-13 23:24:23.338	-0.05	-0.20	0.01	0.14	0.22
2024-06-13 23:24:23.360	-0.05	-0.21	0.02	0.01	-0.12
2024-06-13 23:24:23.381	-0.05	-0.22	0.02	0.14	0.39
2024-06-13 23:24:23.396	-0.06	-0.21	0.02	0.15	0.47
2024-06-13 23:24:23.419	-0.06	-0.22	0.03	0.15	0.73
2024-06-13 23:24:23.439	-0.07	-0.19	0.03	0.15	0.79
2024-06-13 23:24:23.467	-0.07	-0.19	0.03	0.01	0.16
2024-06-13 23:24:23.478	-0.07	-0.17	0.03	0.01	0.17
2024-06-13 23:24:23.507	-0.08	-0.19	0.03	-0.01	0.05
2024-06-13 23:24:23.528	-0.08	-0.15	0.03	0.01	0.20
2024-06-13 23:24:23.536	-0.08	-0.15	0.03	0.00	0.19
2024-06-13 23:24:23.560	-0.09	-0.15	0.03	-0.00	0.18
2024-06-13 23:24:23.581	-0.09	-0.15	0.03	0.00	0.18
2024-06-13 23:24:23.598	-0.09	-0.14	0.03	-0.00	0.17
2024-06-13 23:24:23.624	-0.09	-0.13	0.03	-0.00	0.18
2024-06-13 23:24:23.641	-0.10	-0.13	0.03	0.00	0.18
2024-06-13 23:24:23.661	-0.10	-0.13	0.03	-0.00	0.19
2024-06-13 23:24:23.682	-0.10	-0.13	0.03	0.01	0.22
2024-06-13 23:24:23.702	-0.10	-0.12	0.03	0.00	0.20
2024-06-13 23:24:23.726	-0.11	-0.11	0.03	0.00	0.20
2024-06-13 23:24:23.748	-0.11	-0.12	0.03	0.00	0.21
2024-06-13 23:24:23.764	-0.11	-0.11	0.03	-0.00	0.20
2024-06-13 23:24:23.790	-0.11	-0.10	0.03	-0.00	0.21
2024-06-13 23:24:23.806	-0.11	-0.10	0.03	-0.00	0.21
2024-06-13 23:24:23.835	-0.11	-0.09	0.03	0.01	0.28
2024-06-13 23:24:23.849	-0.12	-0.09	0.03	-0.00	0.26
2024-06-13 23:24:23.871	-0.12	-0.09	0.03	-0.00	0.26
2024-06-13 23:24:23.889	-0.12	-0.08	0.03	-0.00	0.25
2024-06-13 23:24:23.918	-0.12	-0.07	0.03	0.00	0.27
2024-06-13 23:24:23.931	-0.12	-0.07	0.03	0.00	0.27
2024-06-13 23:24:23.952	-0.12	-0.07	0.03	-0.00	0.27
2024-06-13 23:24:23.980	-0.12	-0.06	0.03	0.01	0.34
2024-06-13 23:24:23.994	-0.13	-0.05	0.03	-0.00	0.31
2024-06-13 23:24:24.015	-0.13	-0.04	0.03	-0.02	0.27
2024-06-13 23:24:24.045	-0.13	-0.04	0.03	0.01	0.39
2024-06-13 23:24:24.057	-0.13	-0.04	0.03	0.00	0.37
2024-06-13 23:24:24.080	-0.13	-0.03	0.03	-0.01	0.35
2024-06-13 23:24:24.110	-0.13	-0.01	0.03	0.01	0.47
2024-06-13 23:24:24.119	-0.13	-0.01	0.03	-0.00	0.45
2024-06-13 23:24:24.138	-0.13	-0.01	0.03	0.00	0.45
2024-06-13 23:24:24.171	-0.13	0.01	0.02	-0.01	0.18
2024-06-13 23:24:24.196	-0.13	0.02	0.02	-0.12	-0.31
2024-06-13 23:24:24.218	-0.13	0.02	0.02	-0.03	0.09
2024-06-13 23:24:24.237	-0.13	0.03	0.02	0.01	0.31
2024-06-13 23:24:24.250	-0.13	0.02	0.02	0.00	0.27
2024-06-13 23:24:24.265	-0.13	0.02	0.02	0.00	0.27
2024-06-13 23:24:24.290	-0.12	0.03	0.02	-0.00	0.26
2024-06-13 23:24:24.310	-0.12	0.03	0.02	-0.00	0.27
2024-06-13 23:24:24.336	-0.12	0.04	0.02	0.00	0.30
2024-06-13 23:24:24.353	-0.12	0.05	0.02	-0.01	0.28
2024-06-13 23:24:24.376	-0.12	0.05	0.02	-0.00	0.34
2024-06-13 23:24:24.398	-0.12	0.06	0.02	0.00	0.37
2024-06-13 23:24:24.421	-0.12	0.07	0.02	0.01	0.45
2024-06-13 23:24:24.431	-0.12	0.07	0.02	0.00	0.43
2024-06-13 23:24:24.459	-0.11	0.08	0.02	-0.00	0.44
2024-06-13 23:24:24.479	-0.11	0.09	0.02	-0.01	0.43
2024-06-13 23:24:24.506	-0.11	0.10	0.02	0.01	0.56
2024-06-13 23:24:24.531	-0.11	0.11	0.02	-0.13	-0.04
2024-06-13 23:24:24.554	-0.11	0.11	0.02	-0.02	0.46
2024-06-13 23:24:24.574	-0.10	0.13	0.02	-0.01	0.60
2024-06-13 23:24:24.590	-0.10	0.14	0.02	0.00	0.66
2024-06-13 23:24:24.620	-0.10	0.13	0.02	-0.14	0.02
2024-06-13 23:24:24.641	-0.09	0.15	0.01	-0.02	0.32
2024-06-13 23:24:24.660	-0.09	0.18	0.01	-0.14	-0.10
2024-06-13 23:24:24.681	-0.09	0.16	0.01	-0.16	-0.24
2024-06-13 23:24:24.693	-0.08	0.17	0.01	-0.16	-0.25
2024-06-13 23:24:24.726	-0.08	0.17	0.00	-0.01	0.19
2024-06-13 23:24:24.751	-0.08	0.15	0.00	-0.14	-0.44
2024-06-13 23:24:24.776	-0.07	0.17	0.00	-0.02	0.15
2024-06-13 23:24:24.801	-0.07	0.18	0.00	0.01	0.36
2024-06-13 23:24:24.812	-0.07	0.18	0.00	-0.01	0.30
2024-06-13 23:24:24.844	-0.06	0.18	0.01	0.01	0.65
2024-06-13 23:24:24.849	-0.06	0.17	0.01	0.01	0.66
2024-06-13 23:24:24.880	-0.06	0.18	0.00	0.02	0.47
2024-06-13 23:24:24.911	-0.05	0.19	-0.00	-0.16	-0.35
2024-06-13 23:24:24.928	-0.05	0.19	-0.01	-0.15	-0.57
2024-06-13 23:24:24.946	-0.04	0.25	-0.01	-0.28	-1.00
2024-06-13 23:24:24.970	-0.04	0.20	-0.01	-0.17	-0.63
2024-06-13 23:24:24.997	-0.04	0.18	-0.01	-0.02	0.03
2024-06-13 23:24:25.007	-0.03	0.16	-0.01	-0.01	0.06
2024-06-13 23:24:25.037	-0.03	0.17	-0.01	0.00	0.10
2024-06-13 23:24:25.044	-0.03	0.16	-0.01	-0.00	0.10
2024-06-13 23:24:25.068	-0.02	0.15	-0.01	-0.00	0.10
2024-06-13 23:24:25.095	-0.02	0.16	-0.01	0.01	0.14
2024-06-13 23:24:25.111	-0.02	0.15	-0.01	-0.00	0.12
2024-06-13 23:24:25.135	-0.01	0.16	-0.01	0.00	0.12
2024-06-13 23:24:25.165	-0.01	0.17	-0.01	-0.13	-0.43
2024-06-13 23:24:25.187	-0.01	0.16	-0.02	-0.15	-0.82
2024-06-13 23:24:25.212	-0.00	0.18	-0.02	-0.02	-0.18
2024-06-13 23:24:25.234	-0.00	0.16	-0.02	-0.13	-0.70
2024-06-13 23:24:25.258	0.00	0.17	-0.02	-0.02	-0.19
2024-06-13 23:24:25.265	0.01	0.15	-0.02	-0.00	-0.13
2024-06-13 23:24:25.285	0.01	0.14	-0.02	0.00	-0.12
2024-06-13 23:24:25.317	0.01	0.12	-0.02	-0.01	-0.22
2024-06-13 23:24:25.327	0.01	0.11	-0.02	0.00	-0.20
2024-06-13 23:24:25.346	0.01	0.11	-0.02	-0.00	-0.20
2024-06-13 23:24:25.368	0.02	0.11	-0.02	0.00	-0.20
2024-06-13 23:24:25.392	0.02	0.10	-0.02	0.00	-0.21
2024-06-13 23:24:25.409	0.02	0.10	-0.02	-0.00	-0.21
2024-06-13 23:24:25.434	0.02	0.09	-0.02	0.00	-0.23
2024-06-13 23:24:25.451	0.02	0.09	-0.02	0.00	-0.23
2024-06-13 23:24:25.477	0.02	0.08	-0.02	0.00	-0.25
2024-06-13 23:24:25.492	0.03	0.08	-0.02	0.00	-0.25
2024-06-13 23:24:25.513	0.03	0.08	-0.02	0.00	-0.25
2024-06-13 23:24:25.542	0.03	0.06	-0.02	-0.00	-0.29
2024-06-13 23:24:25.556	0.03	0.07	-0.02	-0.01	-0.32
2024-06-13 23:24:25.578	0.03	0.06	-0.02	0.01	-0.27
2024-06-13 23:24:25.597	0.03	0.05	-0.02	0.01	-0.26
2024-06-13 23:24:25.623	0.03	0.05	-0.02	-0.00	-0.31
2024-06-13 23:24:25.647	0.03	0.03	-0.02	0.00	-0.36
2024-06-13 23:24:25.659	0.03	0.04	-0.02	-0.01	-0.39
2024-06-13 23:24:25.679	0.03	0.03	-0.02	-0.00	-0.38
2024-06-13 23:24:25.701	0.03	0.02	-0.02	0.02	-0.32
2024-06-13 23:24:25.732	0.03	0.01	-0.02	-0.01	-0.47
2024-06-13 23:24:25.749	0.03	0.00	-0.02	-0.01	-0.50
2024-06-13 23:24:25.763	0.03	0.00	-0.02	-0.00	-0.48
2024-06-13 23:24:25.789	0.03	-0.01	-0.02	0.00	-0.48
2024-06-13 23:24:25.814	0.03	-0.03	-0.02	-0.00	-0.54
2024-06-13 23:24:25.828	0.03	-0.03	-0.02	0.00	-0.55
2024-06-13 23:24:25.853	0.03	-0.04	-0.02	-0.00	-0.58
2024-06-13 23:24:25.886	0.03	-0.06	-0.01	0.13	0.24
2024-06-13 23:24:25.893	0.03	-0.07	-0.01	0.15	0.30
2024-06-13 23:24:25.922	0.03	-0.09	-0.01	0.15	0.27
2024-06-13 23:24:25.951	0.03	-0.07	-0.01	0.02	-0.31
2024-06-13 23:24:25.974	0.02	-0.06	-0.01	0.13	0.21
2024-06-13 23:24:25.997	0.02	-0.07	-0.01	0.02	-0.31
2024-06-13 23:24:26.012	0.02	-0.07	-0.01	0.00	-0.41
2024-06-13 23:24:26.024	0.02	-0.07	-0.01	0.01	-0.39
2024-06-13 23:24:26.049	0.02	-0.07	-0.01	-0.00	-0.42
2024-06-13 23:24:26.075	0.02	-0.08	-0.01	-0.01	-0.50
2024-06-13 23:24:26.098	0.01	-0.09	-0.00	0.00	-0.23
2024-06-13 23:24:26.124	0.01	-0.09	-0.00	0.13	0.38
2024-06-13 23:24:26.131	0.01	-0.10	0.00	0.14	0.41
2024-06-13 23:24:26.162	0.01	-0.12	0.00	0.16	0.43
2024-06-13 23:24:26.187	0.01	-0.09	0.00	0.04	-0.05
2024-06-13 23:24:26.204	0.01	-0.09	0.00	-0.00	-0.23
2024-06-13 23:24:26.214	0.00	-0.08	0.00	0.00	-0.24
2024-06-13 23:24:26.236	0.00	-0.08	0.00	-0.01	-0.26
2024-06-13 23:24:26.261	0.00	-0.09	0.00	-0.00	-0.24
2024-06-13 23:24:26.285	-0.00	-0.10	0.00	-0.00	-0.28
2024-06-13 23:24:26.297	-0.00	-0.09	0.00	0.00	-0.28
2024-06-13 23:24:26.328	-0.01	-0.11	0.01	-0.00	-0.06
2024-06-13 23:24:26.356	-0.01	-0.11	0.01	0.13	0.54
2024-06-13 23:24:26.367	-0.01	-0.12	0.01	0.16	0.65
2024-06-13 23:24:26.402	-0.01	-0.13	0.01	0.01	-0.06
2024-06-13 23:24:26.426	-0.02	-0.10	0.01	0.14	0.59
2024-06-13 23:24:26.451	-0.02	-0.12	0.01	0.02	0.00
2024-06-13 23:24:26.459	-0.02	-0.10	0.01	0.00	-0.06
2024-06-13 23:24:26.478	-0.02	-0.10	0.01	0.00	-0.06
2024-06-13 23:24:26.502	-0.02	-0.08	0.01	-0.01	-0.09
2024-06-13 23:24:26.521	-0.02	-0.09	0.01	0.00	-0.05
2024-06-13 23:24:26.543	-0.03	-0.08	0.01	0.00	-0.04
2024-06-13 23:24:26.569	-0.03	-0.09	0.01	-0.01	-0.09
2024-06-13 23:24:26.587	-0.03	-0.08	0.01	-0.00	-0.05
2024-06-13 23:24:26.603	-0.03	-0.09	0.01	0.01	-0.02
2024-06-13 23:24:26.630	-0.03	-0.09	0.01	0.00	-0.06
2024-06-13 23:24:26.647	-0.03	-0.09	0.01	0.00	-0.06
2024-06-13 23:24:26.672	-0.04	-0.09	0.01	-0.01	-0.12
2024-06-13 23:24:26.686	-0.04	-0.09	0.01	0.00	-0.10
2024-06-13 23:24:26.724	-0.04	-0.09	0.01	0.13	0.50
2024-06-13 23:24:26.748	-0.04	-0.10	0.01	0.02	-0.02
2024-06-13 23:24:26.765	-0.04	-0.11	0.01	0.01	-0.10
2024-06-13 23:24:26.780	-0.05	-0.11	0.01	0.01	-0.11
2024-06-13 23:24:26.804	-0.05	-0.08	0.01	-0.00	-0.12
2024-06-13 23:24:26.829	-0.05	-0.09	0.02	-0.01	0.10
2024-06-13 23:24:26.855	-0.05	-0.10	0.02	0.13	0.73
2024-06-13 23:24:26.876	-0.05	-0.09	0.02	0.02	0.26
2024-06-13 23:24:26.893	-0.06	-0.10	0.02	0.01	0.18
2024-06-13 23:24:26.904	-0.06	-0.08	0.02	0.00	0.15
2024-06-13 23:24:26.927	-0.06	-0.07	0.02	-0.01	0.13
2024-06-13 23:24:26.950	-0.06	-0.07	0.02	-0.00	0.17
2024-06-13 23:24:26.972	-0.06	-0.06	0.02	0.00	0.20
2024-06-13 23:24:26.986	-0.06	-0.06	0.02	0.00	0.20
2024-06-13 23:24:27.006	-0.06	-0.06	0.02	0.00	0.20
2024-06-13 23:24:27.033	-0.06	-0.05	0.02	0.00	0.22
2024-06-13 23:24:27.055	-0.06	-0.04	0.02	0.00	0.24
2024-06-13 23:24:27.070	-0.07	-0.05	0.02	-0.00	0.25
2024-06-13 23:24:27.105	-0.07	-0.04	0.01	-0.00	-0.02
2024-06-13 23:24:27.128	-0.07	-0.03	0.01	-0.13	-0.61
2024-06-13 23:24:27.150	-0.07	-0.03	0.01	-0.02	-0.12
2024-06-13 23:24:27.164	-0.07	-0.03	0.01	0.00	-0.02
2024-06-13 23:24:27.186	-0.07	-0.05	0.01	-0.00	-0.05
2024-06-13 23:24:27.198	-0.07	-0.05	0.01	0.01	-0.03
2024-06-13 23:24:27.232	-0.07	-0.04	0.02	-0.03	0.08
2024-06-13 23:24:27.258	-0.07	-0.05	0.02	0.14	0.86
2024-06-13 23:24:27.282	-0.07	-0.05	0.02	0.01	0.27
2024-06-13 23:24:27.306	-0.07	-0.05	0.02	0.14	0.85
2024-06-13 23:24:27.320	-0.07	-0.04	0.02	0.15	0.92
2024-06-13 23:24:27.348	-0.07	-0.02	0.02	0.02	0.39
2024-06-13 23:24:27.356	-0.07	-0.01	0.02	-0.00	0.33
2024-06-13 23:24:27.384	-0.07	0.01	0.02	0.00	0.36
2024-06-13 23:24:27.405	-0.07	0.03	0.02	0.00	0.42
2024-06-13 23:24:27.433	-0.07	0.03	0.02	-0.13	-0.16
2024-06-13 23:24:27.453	-0.07	0.04	0.01	-0.15	-0.51
2024-06-13 23:24:27.460	-0.07	0.05	0.01	-0.16	-0.54
2024-06-13 23:24:27.499	-0.07	0.05	0.01	-0.03	0.06
2024-06-13 23:24:27.506	-0.07	0.02	0.01	0.00	0.15
2024-06-13 23:24:27.532	-0.07	0.03	0.01	0.01	0.19
2024-06-13 23:24:27.546	-0.07	0.02	0.01	0.01	0.20
2024-06-13 23:24:27.568	-0.07	0.03	0.01	-0.00	0.18
2024-06-13 23:24:27.588	-0.07	0.03	0.01	-0.00	0.17
2024-06-13 23:24:27.618	-0.07	0.04	0.01	0.01	0.23
2024-06-13 23:24:27.630	-0.07	0.04	0.01	-0.00	0.22
2024-06-13 23:24:27.651	-0.06	0.04	0.01	-0.00	0.21
2024-06-13 23:24:27.678	-0.06	0.05	0.01	-0.00	0.22
2024-06-13 23:24:27.695	-0.06	0.05	0.01	0.00	0.23
2024-06-13 23:24:27.721	-0.06	0.06	0.01	0.00	0.26
2024-06-13 23:24:27.738	-0.06	0.06	0.01	-0.00	0.26
2024-06-13 23:24:27.756	-0.06	0.07	0.01	-0.02	0.22
2024-06-13 23:24:27.792	-0.06	0.07	0.01	-0.13	-0.28
2024-06-13 23:24:27.816	-0.05	0.08	0.01	-0.01	0.29
2024-06-13 23:24:27.832	-0.05	0.09	0.01	0.00	0.37
2024-06-13 23:24:27.842	-0.05	0.08	0.01	0.00	0.37
2024-06-13 23:24:27.867	-0.05	0.08	0.01	0.01	0.40
2024-06-13 23:24:27.893	-0.05	0.10	0.01	-0.00	0.41
2024-06-13 23:24:27.910	-0.05	0.10	0.01	-0.00	0.42
2024-06-13 23:24:27.942	-0.04	0.10	0.01	-0.13	-0.15
2024-06-13 23:24:27.966	-0.04	0.12	0.01	-0.02	0.40
2024-06-13 23:24:27.987	-0.04	0.13	0.01	-0.13	-0.05
2024-06-13 23:24:28.007	-0.04	0.14	0.00	-0.02	0.19
2024-06-13 23:24:28.032	-0.03	0.13	0.00	-0.14	-0.36
2024-06-13 23:24:28.058	-0.03	0.12	-0.00	-0.02	0.15
2024-06-13 23:24:28.080	-0.03	0.14	-0.00	-0.13	-0.26
2024-06-13 23:24:28.104	-0.02	0.15	-0.00	-0.02	0.25
2024-06-13 23:24:28.112	-0.02	0.14	-0.00	-0.01	0.28
2024-06-13 23:24:28.132	-0.02	0.13	-0.00	0.00	0.31
2024-06-13 23:24:28.151	-0.02	0.13	-0.00	-0.00	0.31
2024-06-13 23:24:28.188	-0.01	0.14	-0.00	-0.13	-0.24
2024-06-13 23:24:28.207	-0.01	0.14	-0.01	-0.02	-0.02
2024-06-13 23:24:28.231	-0.01	0.15	-0.01	-0.15	-0.57
2024-06-13 23:24:28.240	-0.00	0.14	-0.01	-0.15	-0.58
2024-06-13 23:24:28.278	-0.00	0.15	-0.01	-0.01	0.08
2024-06-13 23:24:28.291	0.00	0.12	-0.01	0.00	0.09
2024-06-13 23:24:28.310	0.00	0.14	-0.01	-0.01	0.06
2024-06-13 23:24:28.326	0.00	0.12	-0.01	-0.00	0.09
2024-06-13 23:24:28.352	0.01	0.11	-0.01	-0.00	0.08
2024-06-13 23:24:28.375	0.01	0.12	-0.01	0.01	0.12
2024-06-13 23:24:28.388	0.01	0.12	-0.01	-0.00	0.10
2024-06-13 23:24:28.417	0.01	0.13	-0.01	0.00	0.12
2024-06-13 23:24:28.428	0.02	0.12	-0.01	0.00	0.12
2024-06-13 23:24:28.467	0.02	0.13	-0.01	-0.13	-0.45
2024-06-13 23:24:28.486	0.02	0.13	-0.02	-0.02	-0.24
2024-06-13 23:24:28.509	0.02	0.14	-0.02	-0.13	-0.70
2024-06-13 23:24:28.527	0.03	0.13	-0.02	-0.16	-0.85
2024-06-13 23:24:28.555	0.03	0.12	-0.02	-0.02	-0.24
2024-06-13 23:24:28.562	0.03	0.10	-0.02	-0.00	-0.19
2024-06-13 23:24:28.585	0.03	0.10	-0.02	0.01	-0.15
2024-06-13 23:24:28.611	0.03	0.08	-0.02	0.01	-0.17
2024-06-13 23:24:28.634	0.04	0.07	-0.02	-0.00	-0.24
2024-06-13 23:24:28.645	0.04	0.07	-0.02	-0.00	-0.24
2024-06-13 23:24:28.665	0.04	0.07	-0.02	-0.00	-0.25
2024-06-13 23:24:28.691	0.04	0.06	-0.02	0.00	-0.26
2024-06-13 23:24:28.712	0.04	0.06	-0.02	-0.01	-0.31
2024-06-13 23:24:28.729	0.04	0.05	-0.02	0.01	-0.27
2024-06-13 23:24:28.757	0.04	0.04	-0.02	0.00	-0.31
2024-06-13 23:24:28.775	0.04	0.04	-0.02	-0.01	-0.36
2024-06-13 23:24:28.791	0.04	0.04	-0.02	-0.00	-0.34
2024-06-13 23:24:28.819	0.04	0.02	-0.02	0.00	-0.36
2024-06-13 23:24:28.851	0.04	0.02	-0.02	0.14	0.26
2024-06-13 23:24:28.875	0.04	0.01	-0.02	0.02	-0.30
2024-06-13 23:24:28.888	0.04	0.01	-0.02	0.01	-0.35
2024-06-13 23:24:28.907	0.04	0.01	-0.02	0.00	-0.40
2024-06-13 23:24:28.929	0.04	0.01	-0.02	-0.01	-0.44
2024-06-13 23:24:28.945	0.04	0.00	-0.02	-0.00	-0.42
2024-06-13 23:24:28.970	0.04	-0.01	-0.02	0.01	-0.40
2024-06-13 23:24:28.995	0.04	-0.02	-0.02	-0.00	-0.48
2024-06-13 23:24:29.014	0.04	-0.03	-0.02	-0.00	-0.51
2024-06-13 23:24:29.038	0.04	-0.04	-0.01	0.00	-0.29
2024-06-13 23:24:29.064	0.04	-0.05	-0.01	0.11	0.20
2024-06-13 23:24:29.086	0.04	-0.06	-0.01	0.03	-0.18
2024-06-13 23:24:29.107	0.04	-0.07	-0.01	0.14	0.27
2024-06-13 23:24:29.130	0.04	-0.06	-0.01	0.02	-0.24
2024-06-13 23:24:29.152	0.04	-0.07	-0.01	0.13	0.22
2024-06-13 23:24:29.174	0.03	-0.06	-0.01	0.02	-0.25
2024-06-13 23:24:29.191	0.03	-0.07	-0.01	0.00	-0.37
2024-06-13 23:24:29.206	0.03	-0.06	-0.01	0.01	-0.34
2024-06-13 23:24:29.224	0.03	-0.06	-0.01	-0.00	-0.36
2024-06-13 23:24:29.254	0.03	-0.08	-0.00	0.01	-0.11
2024-06-13 23:24:29.280	0.03	-0.08	-0.00	0.13	0.45
2024-06-13 23:24:29.304	0.02	-0.08	-0.00	0.01	-0.09
2024-06-13 23:24:29.322	0.02	-0.10	-0.00	-0.00	-0.20
2024-06-13 23:24:29.348	0.02	-0.09	-0.00	0.13	0.40
2024-06-13 23:24:29.370	0.02	-0.08	-0.00	0.02	-0.07
2024-06-13 23:24:29.388	0.02	-0.09	-0.00	0.00	-0.19
2024-06-13 23:24:29.397	0.02	-0.08	-0.00	0.00	-0.19
2024-06-13 23:24:29.421	0.01	-0.08	-0.00	-0.01	-0.22
2024-06-13 23:24:29.446	0.01	-0.08	-0.00	-0.02	-0.27
2024-06-13 23:24:29.460	0.01	-0.09	-0.00	0.00	-0.23
2024-06-13 23:24:29.484	0.01	-0.09	-0.00	0.02	-0.16
2024-06-13 23:24:29.513	0.01	-0.10	-0.00	-0.01	-0.30
2024-06-13 23:24:29.525	0.01	-0.10	-0.00	0.01	-0.24
2024-06-13 23:24:29.547	0.00	-0.10	0.00	-0.00	-0.27
2024-06-13 23:24:29.580	0.00	-0.11	0.00	0.13	0.28
2024-06-13 23:24:29.599	-0.00	-0.12	0.01	0.03	0.10
2024-06-13 23:24:29.622	-0.00	-0.12	0.01	0.14	0.57
2024-06-13 23:24:29.631	-0.01	-0.12	0.01	0.15	0.61
2024-06-13 23:24:29.667	-0.01	-0.11	0.01	0.02	0.05
2024-06-13 23:24:29.673	-0.01	-0.10	0.01	0.01	0.02
2024-06-13 23:24:29.699	-0.01	-0.10	0.01	0.00	-0.02
2024-06-13 23:24:29.720	-0.01	-0.09	0.01	0.01	0.01
2024-06-13 23:24:29.736	-0.02	-0.08	0.01	-0.01	-0.03
2024-06-13 23:24:29.756	-0.02	-0.09	0.01	-0.00	-0.01
2024-06-13 23:24:29.786	-0.02	-0.09	0.01	-0.02	-0.11
2024-06-13 23:24:29.808	-0.02	-0.08	0.01	0.01	0.02
2024-06-13 23:24:29.822	-0.02	-0.09	0.01	0.01	0.02
2024-06-13 23:24:29.850	-0.02	-0.09	0.01	-0.02	-0.13
2024-06-13 23:24:29.877	-0.03	-0.09	0.01	0.14	0.59
2024-06-13 23:24:29.901	-0.03	-0.09	0.01	0.01	0.00
2024-06-13 23:24:29.924	-0.03	-0.10	0.01	0.15	0.60
2024-06-13 23:24:29.947	-0.03	-0.09	0.01	0.03	0.08
2024-06-13 23:24:29.965	-0.03	-0.09	0.01	-0.00	-0.06
2024-06-13 23:24:29.982	-0.03	-0.07	0.01	0.00	-0.04
2024-06-13 23:24:29.995	-0.04	-0.07	0.01	0.00	-0.04
2024-06-13 23:24:30.021	-0.04	-0.06	0.01	0.00	-0.02
2024-06-13 23:24:30.040	-0.04	-0.07	0.01	0.00	-0.01
2024-06-13 23:24:30.060	-0.04	-0.07	0.01	-0.00	-0.02
2024-06-13 23:24:30.077	-0.04	-0.06	0.01	-0.00	-0.03
2024-06-13 23:24:30.102	-0.04	-0.07	0.01	0.00	-0.02
2024-06-13 23:24:30.119	-0.04	-0.07	0.01	0.01	-0.01
2024-06-13 23:24:30.146	-0.04	-0.07	0.01	0.00	-0.04
2024-06-13 23:24:30.163	-0.05	-0.07	0.01	0.00	-0.04
2024-06-13 23:24:30.181	-0.05	-0.06	0.01	0.00	-0.05
2024-06-13 23:24:30.213	-0.05	-0.07	0.02	-0.01	0.16
2024-06-13 23:24:30.240	-0.05	-0.08	0.02	0.13	0.79
2024-06-13 23:24:30.262	-0.05	-0.07	0.02	0.02	0.32
2024-06-13 23:24:30.274	-0.05	-0.07	0.02	0.01	0.28
2024-06-13 23:24:30.294	-0.05	-0.06	0.02	0.00	0.25
2024-06-13 23:24:30.318	-0.05	-0.04	0.02	-0.00	0.27
2024-06-13 23:24:30.332	-0.06	-0.04	0.02	-0.00	0.27
2024-06-13 23:24:30.360	-0.06	-0.03	0.02	0.01	0.35
2024-06-13 23:24:30.386	-0.06	-0.02	0.01	-0.01	0.02
2024-06-13 23:24:30.409	-0.06	-0.02	0.01	-0.13	-0.54
2024-06-13 23:24:30.431	-0.06	-0.02	0.01	-0.02	-0.05
2024-06-13 23:24:30.448	-0.06	-0.01	0.01	0.00	0.07
2024-06-13 23:24:30.466	-0.06	-0.03	0.01	-0.00	0.05
2024-06-13 23:24:30.482	-0.06	-0.03	0.01	0.00	0.04
2024-06-13 23:24:30.506	-0.06	-0.02	0.01	0.01	0.08
2024-06-13 23:24:30.528	-0.06	-0.03	0.02	-0.02	0.20
2024-06-13 23:24:30.559	-0.06	-0.02	0.02	0.14	0.98
2024-06-13 23:24:30.583	-0.06	-0.02	0.02	0.01	0.40
2024-06-13 23:24:30.588	-0.06	-0.02	0.02	0.01	0.40
2024-06-13 23:24:30.610	-0.06	-0.01	0.02	0.00	0.37
2024-06-13 23:24:30.643	-0.06	0.02	0.02	0.01	0.47
2024-06-13 23:24:30.666	-0.06	0.02	0.01	-0.01	0.13
2024-06-13 23:24:30.690	-0.06	0.03	0.01	-0.14	-0.45
2024-06-13 23:24:30.700	-0.06	0.04	0.01	-0.14	-0.45
2024-06-13 23:24:30.717	-0.06	0.04	0.01	-0.15	-0.47
2024-06-13 23:24:30.755	-0.06	0.03	0.01	-0.00	0.19
2024-06-13 23:24:30.769	-0.06	0.02	0.01	-0.01	0.15
2024-06-13 23:24:30.786	-0.06	0.01	0.01	0.00	0.17
2024-06-13 23:24:30.804	-0.06	0.01	0.01	-0.00	0.17
2024-06-13 23:24:30.832	-0.05	0.03	0.01	0.00	0.18
2024-06-13 23:24:30.845	-0.05	0.02	0.01	-0.00	0.19
2024-06-13 23:24:30.869	-0.05	0.03	0.01	0.00	0.19
2024-06-13 23:24:30.889	-0.05	0.03	0.01	-0.00	0.20
2024-06-13 23:24:30.908	-0.05	0.03	0.01	-0.00	0.20
2024-06-13 23:24:30.933	-0.05	0.04	0.01	-0.01	0.18
2024-06-13 23:24:30.969	-0.05	0.05	0.01	-0.14	-0.37
2024-06-13 23:24:30.994	-0.05	0.05	0.01	-0.01	0.22
2024-06-13 23:24:31.011	-0.05	0.06	0.00	0.00	0.04
2024-06-13 23:24:31.033	-0.05	0.05	0.01	-0.01	0.23
2024-06-13 23:24:31.047	-0.05	0.05	0.01	-0.00	0.28
2024-06-13 23:24:31.069	-0.04	0.05	0.01	0.01	0.33
2024-06-13 23:24:31.084	-0.04	0.05	0.01	-0.00	0.31
2024-06-13 23:24:31.117	-0.04	0.06	0.00	0.00	0.06
2024-06-13 23:24:31.143	-0.04	0.07	0.00	-0.14	-0.57
2024-06-13 23:24:31.167	-0.04	0.07	0.00	-0.02	-0.03
2024-06-13 23:24:31.185	-0.04	0.09	0.00	0.00	0.12
2024-06-13 23:24:31.200	-0.04	0.07	0.00	0.00	0.12
2024-06-13 23:24:31.222	-0.04	0.06	0.00	-0.00	0.09
2024-06-13 23:24:31.241	-0.03	0.06	0.00	-0.01	0.04
2024-06-13 23:24:31.264	-0.03	0.07	0.00	-0.00	0.08
2024-06-13 23:24:31.278	-0.03	0.06	0.00	0.01	0.11
2024-06-13 23:24:31.300	-0.03	0.07	0.00	0.00	0.09
2024-06-13 23:24:31.321	-0.03	0.07	0.00	0.00	0.10
2024-06-13 23:24:31.341	-0.03	0.07	0.00	-0.00	0.11
2024-06-13 23:24:31.367	-0.03	0.08	0.00	0.00	0.14
2024-06-13 23:24:31.383	-0.02	0.08	0.00	-0.00	0.14
2024-06-13 23:24:31.402	-0.02	0.07	0.00	0.01	0.17
2024-06-13 23:24:31.430	-0.02	0.09	0.00	0.00	0.18
2024-06-13 23:24:31.449	-0.02	0.08	0.00	-0.02	0.10
2024-06-13 23:24:31.473	-0.02	0.09	0.00	-0.00	0.19
2024-06-13 23:24:31.491	-0.02	0.09	0.00	0.01	0.25
2024-06-13 23:24:31.505	-0.01	0.09	0.00	-0.00	0.23
2024-06-13 23:24:31.537	-0.01	0.10	0.00	0.03	0.38
2024-06-13 23:24:31.552	-0.01	0.10	0.00	0.00	0.28
2024-06-13 23:24:31.568	-0.01	0.11	0.00	-0.02	0.22
2024-06-13 23:24:31.599	-0.00	0.12	-0.00	-0.00	0.32
2024-06-13 23:24:31.626	-0.00	0.12	-0.00	-0.14	-0.30
2024-06-13 23:24:31.651	0.00	0.13	-0.00	-0.02	0.27
2024-06-13 23:24:31.672	0.00	0.15	-0.00	-0.14	-0.21
2024-06-13 23:24:31.691	0.01	0.14	-0.01	-0.01	0.08
2024-06-13 23:24:31.716	0.01	0.14	-0.01	-0.14	-0.50
2024-06-13 23:24:31.739	0.01	0.13	-0.01	-0.02	0.02
2024-06-13 23:24:31.756	0.01	0.14	-0.01	0.00	0.15
2024-06-13 23:24:31.766	0.02	0.13	-0.01	0.00	0.15
2024-06-13 23:24:31.791	0.02	0.12	-0.01	0.00	0.14
2024-06-13 23:24:31.807	0.02	0.12	-0.01	-0.00	0.14
2024-06-13 23:24:31.836	0.02	0.13	-0.01	-0.00	0.14
2024-06-13 23:24:31.849	0.03	0.12	-0.01	-0.00	0.15
2024-06-13 23:24:31.886	0.03	0.13	-0.01	-0.11	-0.33
2024-06-13 23:24:31.909	0.03	0.14	-0.01	-0.03	0.06
2024-06-13 23:24:31.931	0.04	0.15	-0.01	-0.15	-0.44
2024-06-13 23:24:31.955	0.04	0.14	-0.01	-0.02	0.13
2024-06-13 23:24:31.966	0.04	0.13	-0.01	-0.00	0.20
2024-06-13 23:24:31.989	0.04	0.14	-0.01	-0.00	0.23
2024-06-13 23:24:32.006	0.05	0.13	-0.01	-0.01	0.20
2024-06-13 23:24:32.027	0.05	0.13	-0.01	-0.00	0.22
2024-06-13 23:24:32.055	0.05	0.13	-0.02	0.01	0.02
2024-06-13 23:24:32.082	0.05	0.14	-0.02	-0.13	-0.61
2024-06-13 23:24:32.106	0.06	0.14	-0.02	-0.02	-0.10
2024-06-13 23:24:32.125	0.06	0.16	-0.02	-0.13	-0.51
2024-06-13 23:24:32.144	0.06	0.15	-0.02	-0.15	-0.64
2024-06-13 23:24:32.169	0.06	0.12	-0.02	-0.02	-0.13
2024-06-13 23:24:32.180	0.07	0.12	-0.02	-0.01	-0.08
2024-06-13 23:24:32.197	0.07	0.11	-0.02	0.00	-0.05
2024-06-13 23:24:32.216	0.07	0.10	-0.02	0.00	-0.05
2024-06-13 23:24:32.243	0.07	0.10	-0.02	-0.01	-0.09
2024-06-13 23:24:32.261	0.07	0.10	-0.02	0.00	-0.07
2024-06-13 23:24:32.283	0.08	0.10	-0.02	-0.00	-0.07
2024-06-13 23:24:32.299	0.08	0.09	-0.02	0.00	-0.06
2024-06-13 23:24:32.319	0.08	0.09	-0.02	0.00	-0.06
2024-06-13 23:24:32.352	0.08	0.10	-0.03	0.00	-0.31
2024-06-13 23:24:32.379	0.08	0.09	-0.03	-0.13	-0.94
2024-06-13 23:24:32.402	0.09	0.09	-0.03	-0.02	-0.45
2024-06-13 23:24:32.421	0.09	0.10	-0.03	0.01	-0.28
2024-06-13 23:24:32.440	0.09	0.07	-0.03	-0.00	-0.36
2024-06-13 23:24:32.461	0.09	0.05	-0.03	-0.01	-0.47
2024-06-13 23:24:32.472	0.09	0.05	-0.03	-0.01	-0.47
2024-06-13 23:24:32.503	0.09	0.04	-0.02	0.00	-0.20
2024-06-13 23:24:32.528	0.09	0.02	-0.02	0.14	0.42
2024-06-13 23:24:32.551	0.09	0.03	-0.02	0.01	-0.15
2024-06-13 23:24:32.574	0.09	0.02	-0.02	0.14	0.41
2024-06-13 23:24:32.597	0.09	0.02	-0.02	0.02	-0.12
2024-06-13 23:24:32.607	0.09	0.03	-0.02	-0.00	-0.19
2024-06-13 23:24:32.624	0.09	0.03	-0.02	-0.00	-0.19
2024-06-13 23:24:32.648	0.09	0.03	-0.02	0.01	-0.17
2024-06-13 23:24:32.672	0.09	0.02	-0.02	-0.00	-0.21
2024-06-13 23:24:32.687	0.10	0.02	-0.02	0.00	-0.21
2024-06-13 23:24:32.725	0.10	0.02	-0.02	-0.13	-0.83
2024-06-13 23:24:32.746	0.10	0.01	-0.02	-0.02	-0.36
2024-06-13 23:24:32.759	0.10	0.01	-0.02	-0.00	-0.27
2024-06-13 23:24:32.776	0.10	0.00	-0.02	-0.00	-0.27
2024-06-13 23:24:32.805	0.09	-0.02	-0.02	-0.01	-0.37
2024-06-13 23:24:32.818	0.09	-0.02	-0.02	0.01	-0.32
2024-06-13 23:24:32.844	0.09	-0.03	-0.02	-0.00	-0.36
2024-06-13 23:24:32.864	0.09	-0.04	-0.02	0.00	-0.39
2024-06-13 23:24:32.893	0.09	-0.05	-0.02	0.13	0.16
2024-06-13 23:24:32.916	0.09	-0.05	-0.02	0.01	-0.38
2024-06-13 23:24:32.939	0.09	-0.06	-0.02	0.13	0.12
2024-06-13 23:24:32.962	0.09	-0.07	-0.02	0.02	-0.40
2024-06-13 23:24:32.968	0.09	-0.06	-0.02	0.02	-0.40
2024-06-13 23:24:33.001	0.08	-0.07	-0.02	-0.01	-0.55
2024-06-13 23:24:33.015	0.08	-0.08	-0.02	0.00	-0.54
2024-06-13 23:24:33.043	0.08	-0.08	-0.01	0.00	-0.29
2024-06-13 23:24:33.069	0.08	-0.09	-0.01	0.13	0.29
2024-06-13 23:24:33.093	0.08	-0.11	-0.01	0.02	-0.26
2024-06-13 23:24:33.114	0.07	-0.12	-0.01	0.14	0.24
2024-06-13 23:24:33.137	0.07	-0.11	-0.01	0.02	-0.28
2024-06-13 23:24:33.152	0.07	-0.11	-0.01	0.00	-0.38
2024-06-13 23:24:33.182	0.07	-0.11	-0.01	0.13	0.20
2024-06-13 23:24:33.205	0.07	-0.11	-0.01	0.00	-0.39
2024-06-13 23:24:33.223	0.06	-0.13	-0.01	-0.01	-0.50
2024-06-13 23:24:33.239	0.06	-0.12	-0.01	0.01	-0.43
2024-06-13 23:24:33.253	0.06	-0.12	-0.01	0.01	-0.42
2024-06-13 23:24:33.281	0.06	-0.13	-0.00	-0.01	-0.27
2024-06-13 23:24:33.312	0.05	-0.15	-0.00	0.14	0.38
2024-06-13 23:24:33.323	0.05	-0.14	0.00	0.15	0.43
2024-06-13 23:24:33.345	0.05	-0.17	0.01	0.16	0.66
2024-06-13 23:24:33.372	0.04	-0.14	0.01	0.15	0.69
2024-06-13 23:24:33.398	0.04	-0.13	0.01	0.02	0.14
2024-06-13 23:24:33.404	0.04	-0.12	0.01	0.01	0.11
2024-06-13 23:24:33.425	0.04	-0.11	0.01	0.00	0.09
2024-06-13 23:24:33.445	0.03	-0.11	0.01	-0.00	0.08
2024-06-13 23:24:33.478	0.03	-0.09	0.00	0.00	-0.15
2024-06-13 23:24:33.494	0.03	-0.10	0.00	-0.00	-0.18
2024-06-13 23:24:33.525	0.03	-0.10	0.00	-0.13	-0.80
2024-06-13 23:24:33.547	0.03	-0.10	0.00	-0.01	-0.27
2024-06-13 23:24:33.560	0.02	-0.12	0.00	-0.00	-0.25
2024-06-13 23:24:33.583	0.02	-0.13	0.00	-0.00	-0.29
2024-06-13 23:24:33.603	0.02	-0.13	0.00	-0.01	-0.35
2024-06-13 23:24:33.631	0.02	-0.13	0.01	0.01	-0.01
2024-06-13 23:24:33.660	0.01	-0.14	0.01	0.27	1.19
2024-06-13 23:24:33.683	0.01	-0.15	0.01	0.16	0.66
2024-06-13 23:24:33.698	0.01	-0.19	0.02	0.15	0.76
2024-06-13 23:24:33.725	0.00	-0.14	0.02	0.16	0.93
2024-06-13 23:24:33.747	0.00	-0.11	0.02	0.02	0.36
2024-06-13 23:24:33.758	0.00	-0.09	0.02	0.01	0.34
2024-06-13 23:24:33.783	-0.00	-0.07	0.01	0.01	0.14
2024-06-13 23:24:33.813	-0.00	-0.07	0.01	-0.14	-0.57
2024-06-13 23:24:33.821	-0.00	-0.05	0.01	-0.15	-0.60
2024-06-13 23:24:33.849	-0.00	-0.07	0.01	-0.16	-0.66
2024-06-13 23:24:33.879	-0.01	-0.07	0.01	-0.02	-0.04
2024-06-13 23:24:33.887	-0.01	-0.08	0.01	-0.00	0.02
2024-06-13 23:24:33.919	-0.01	-0.10	0.01	-0.01	-0.08
2024-06-13 23:24:33.936	-0.01	-0.09	0.01	0.01	0.02
2024-06-13 23:24:33.964	-0.01	-0.10	0.01	0.13	0.56
2024-06-13 23:24:33.985	-0.02	-0.09	0.02	0.15	0.96
2024-06-13 23:24:34.000	-0.02	-0.11	0.02	0.15	0.94
2024-06-13 23:24:34.021	-0.02	-0.08	0.02	0.15	0.97
2024-06-13 23:24:34.049	-0.02	-0.07	0.02	0.02	0.42
2024-06-13 23:24:34.065	-0.02	-0.04	0.02	-0.00	0.40
2024-06-13 23:24:34.081	-0.02	-0.03	0.02	-0.00	0.41
2024-06-13 23:24:34.107	-0.02	-0.01	0.02	0.00	0.46
2024-06-13 23:24:34.137	-0.02	-0.01	0.01	-0.13	-0.40
2024-06-13 23:24:34.144	-0.02	-0.00	0.01	-0.14	-0.43
2024-06-13 23:24:34.171	-0.02	0.02	0.01	-0.15	-0.45
2024-06-13 23:24:34.194	-0.02	0.00	0.01	-0.16	-0.51
2024-06-13 23:24:34.223	-0.02	-0.01	0.01	-0.01	0.14
2024-06-13 23:24:34.234	-0.02	-0.01	0.01	-0.00	0.18
2024-06-13 23:24:34.260	-0.02	-0.03	0.01	-0.01	0.11
2024-06-13 23:24:34.276	-0.02	-0.02	0.01	-0.00	0.15
2024-06-13 23:24:34.297	-0.02	-0.02	0.01	0.01	0.19
2024-06-13 23:24:34.312	-0.02	-0.02	0.01	0.01	0.19
2024-06-13 23:24:34.334	-0.02	-0.01	0.01	-0.00	0.17
2024-06-13 23:24:34.362	-0.02	-0.00	0.01	0.00	0.20
2024-06-13 23:24:34.375	-0.02	-0.00	0.01	-0.01	0.19
2024-06-13 23:24:34.398	-0.02	-0.00	0.01	0.00	0.21
2024-06-13 23:24:34.423	-0.02	0.01	0.01	-0.00	0.23
2024-06-13 23:24:34.438	-0.02	0.00	0.01	0.01	0.26
2024-06-13 23:24:34.467	-0.02	0.02	0.01	0.01	0.31
2024-06-13 23:24:34.482	-0.02	0.02	0.01	-0.01	0.25
2024-06-13 23:24:34.506	-0.02	0.02	0.01	0.01	0.32
2024-06-13 23:24:34.525	-0.02	0.03	0.01	0.00	0.30
2024-06-13 23:24:34.547	-0.02	0.04	0.01	-0.01	0.28
2024-06-13 23:24:34.581	-0.02	0.04	0.00	-0.14	-0.58
2024-06-13 23:24:34.604	-0.02	0.05	0.00	-0.02	-0.02
2024-06-13 23:24:34.624	-0.02	0.07	0.00	-0.13	-0.45
2024-06-13 23:24:34.647	-0.01	0.04	0.00	-0.01	0.02
2024-06-13 23:24:34.657	-0.01	0.04	0.00	-0.00	0.06
2024-06-13 23:24:34.673	-0.01	0.04	0.00	0.00	0.06
2024-06-13 23:24:34.694	-0.01	0.03	0.00	-0.00	0.07
2024-06-13 23:24:34.715	-0.01	0.03	0.00	0.00	0.07
2024-06-13 23:24:34.736	-0.01	0.04	0.00	-0.00	0.06
2024-06-13 23:24:34.756	-0.01	0.03	0.00	0.00	0.06
2024-06-13 23:24:34.782	-0.01	0.04	0.00	-0.00	0.07
2024-06-13 23:24:34.801	-0.01	0.04	0.00	-0.00	0.07
2024-06-13 23:24:34.820	-0.01	0.04	0.00	0.00	0.08
2024-06-13 23:24:34.841	-0.01	0.04	0.00	-0.00	0.08
2024-06-13 23:24:34.861	-0.01	0.04	0.00	-0.01	0.06
2024-06-13 23:24:34.891	-0.01	0.05	0.00	0.00	0.11
2024-06-13 23:24:34.911	-0.00	0.04	0.00	-0.02	0.03
2024-06-13 23:24:34.933	-0.00	0.05	0.00	0.00	0.12
2024-06-13 23:24:34.950	-0.00	0.05	0.00	0.01	0.17
2024-06-13 23:24:34.964	-0.00	0.04	0.00	0.01	0.18
2024-06-13 23:24:34.986	-0.00	0.06	0.00	-0.01	0.12
2024-06-13 23:24:35.006	0.00	0.05	0.00	-0.00	0.14
2024-06-13 23:24:35.034	0.00	0.06	0.00	0.00	0.16
2024-06-13 23:24:35.056	0.00	0.07	0.00	0.00	0.19
2024-06-13 23:24:35.073	0.00	0.06	0.00	-0.01	0.16
2024-06-13 23:24:35.096	0.01	0.07	0.00	-0.00	0.20
2024-06-13 23:24:35.117	0.01	0.07	0.00	0.01	0.26
2024-06-13 23:24:35.135	0.01	0.08	0.00	-0.00	0.24
2024-06-13 23:24:35.155	0.01	0.08	0.00	-0.00	0.25
2024-06-13 23:24:35.179	0.01	0.08	0.00	0.01	0.30
2024-06-13 23:24:35.199	0.01	0.10	0.00	-0.01	0.27
2024-06-13 23:24:35.221	0.02	0.09	-0.00	0.01	0.35
2024-06-13 23:24:35.251	0.02	0.10	-0.00	-0.12	-0.21
2024-06-13 23:24:35.274	0.02	0.11	-0.00	-0.02	0.27
2024-06-13 23:24:35.295	0.02	0.13	-0.00	-0.14	-0.20
2024-06-13 23:24:35.319	0.03	0.12	-0.00	-0.01	0.37
2024-06-13 23:24:35.332	0.03	0.12	-0.00	-0.00	0.42
2024-06-13 23:24:35.349	0.03	0.12	-0.00	-0.00	0.43
2024-06-13 23:24:35.370	0.03	0.12	-0.00	0.00	0.44
2024-06-13 23:24:35.398	0.04	0.13	-0.01	-0.00	0.21
2024-06-13 23:24:35.425	0.04	0.14	-0.01	-0.15	-0.46
2024-06-13 23:24:35.440	0.04	0.15	-0.01	-0.14	-0.40
2024-06-13 23:24:35.462	0.05	0.17	-0.01	-0.15	-0.39
2024-06-13 23:24:35.489	0.05	0.14	-0.01	-0.02	0.17
2024-06-13 23:24:35.495	0.05	0.12	-0.01	-0.00	0.22
2024-06-13 23:24:35.525	0.05	0.14	-0.01	0.00	0.26
2024-06-13 23:24:35.551	0.06	0.13	-0.02	-0.01	-0.06
2024-06-13 23:24:35.574	0.06	0.13	-0.02	-0.13	-0.62
2024-06-13 23:24:35.598	0.06	0.14	-0.02	-0.02	-0.10
2024-06-13 23:24:35.620	0.06	0.15	-0.02	-0.14	-0.59
2024-06-13 23:24:35.643	0.07	0.15	-0.02	-0.02	-0.05
2024-06-13 23:24:35.651	0.07	0.12	-0.02	-0.00	0.02
2024-06-13 23:24:35.670	0.07	0.13	-0.02	0.00	0.01
2024-06-13 23:24:35.697	0.07	0.11	-0.02	0.00	-0.01
2024-06-13 23:24:35.717	0.08	0.11	-0.02	-0.01	-0.05
2024-06-13 23:24:35.735	0.08	0.10	-0.02	0.01	-0.01
2024-06-13 23:24:35.754	0.08	0.11	-0.02	-0.01	-0.06
2024-06-13 23:24:35.781	0.08	0.11	-0.02	0.00	-0.02
2024-06-13 23:24:35.802	0.08	0.11	-0.02	0.01	0.03
2024-06-13 23:24:35.819	0.09	0.11	-0.02	0.01	0.04
2024-06-13 23:24:35.842	0.09	0.10	-0.02	-0.00	0.01
2024-06-13 23:24:35.861	0.09	0.11	-0.02	-0.00	0.00
2024-06-13 23:24:35.882	0.09	0.10	-0.02	-0.01	-0.03
2024-06-13 23:24:35.909	0.09	0.11	-0.02	0.01	0.06
2024-06-13 23:24:35.923	0.10	0.11	-0.02	-0.01	0.01
2024-06-13 23:24:35.947	0.10	0.11	-0.02	0.01	0.08
2024-06-13 23:24:35.966	0.10	0.10	-0.02	-0.00	0.04
2024-06-13 23:24:35.983	0.10	0.11	-0.02	-0.01	0.01
2024-06-13 23:24:36.020	0.11	0.11	-0.02	-0.14	-0.58
2024-06-13 23:24:36.044	0.11	0.11	-0.02	-0.02	-0.04
2024-06-13 23:24:36.064	0.11	0.13	-0.02	0.02	0.21
2024-06-13 23:24:36.081	0.11	0.11	-0.02	-0.00	0.11
2024-06-13 23:24:36.101	0.11	0.09	-0.02	-0.00	0.06
2024-06-13 23:24:36.124	0.12	0.11	-0.03	-0.01	-0.23
2024-06-13 23:24:36.151	0.12	0.10	-0.03	-0.14	-0.85
2024-06-13 23:24:36.175	0.12	0.11	-0.03	-0.01	-0.24
2024-06-13 23:24:36.197	0.12	0.11	-0.03	-0.13	-0.77
2024-06-13 23:24:36.219	0.12	0.10	-0.03	-0.01	-0.25
2024-06-13 23:24:36.229	0.13	0.08	-0.03	0.00	-0.22
2024-06-13 23:24:36.257	0.13	0.07	-0.03	-0.01	-0.30
2024-06-13 23:24:36.268	0.13	0.06	-0.03	-0.00	-0.28
2024-06-13 23:24:36.296	0.13	0.05	-0.03	-0.00	-0.31
2024-06-13 23:24:36.315	0.13	0.04	-0.03	-0.00	-0.33
2024-06-13 23:24:36.330	0.13	0.04	-0.03	0.01	-0.32
2024-06-13 23:24:36.357	0.13	0.03	-0.03	0.00	-0.36
2024-06-13 23:24:36.374	0.13	0.02	-0.03	0.01	-0.34
2024-06-13 23:24:36.408	0.13	0.02	-0.03	0.12	0.15
2024-06-13 23:24:36.425	0.13	0.01	-0.02	0.02	-0.03
2024-06-13 23:24:36.450	0.13	0.00	-0.02	0.13	0.43
2024-06-13 23:24:36.471	0.13	0.01	-0.02	0.02	-0.04
2024-06-13 23:24:36.482	0.13	0.01	-0.02	0.01	-0.08
2024-06-13 23:24:36.504	0.13	0.01	-0.02	0.00	-0.13
2024-06-13 23:24:36.522	0.13	0.02	-0.02	-0.00	-0.13
2024-06-13 23:24:36.546	0.13	0.01	-0.02	-0.01	-0.17
2024-06-13 23:24:36.574	0.13	0.01	-0.03	-0.00	-0.41
2024-06-13 23:24:36.599	0.13	0.01	-0.03	-0.13	-1.03
2024-06-13 23:24:36.620	0.13	0.00	-0.03	-0.02	-0.57
2024-06-13 23:24:36.630	0.13	0.00	-0.03	-0.01	-0.53
2024-06-13 23:24:36.654	0.13	-0.03	-0.03	0.01	-0.48
2024-06-13 23:24:36.678	0.13	-0.04	-0.02	0.01	-0.26
2024-06-13 23:24:36.705	0.13	-0.05	-0.02	0.13	0.28
2024-06-13 23:24:36.713	0.13	-0.06	-0.02	0.15	0.34
2024-06-13 23:24:36.745	0.13	-0.07	-0.01	0.16	0.64
2024-06-13 23:24:36.752	0.13	-0.06	-0.01	0.15	0.63
2024-06-13 23:24:36.791	0.12	-0.05	-0.01	0.02	0.05
2024-06-13 23:24:36.802	0.12	-0.03	-0.01	0.01	0.03
2024-06-13 23:24:36.822	0.12	-0.03	-0.01	-0.01	-0.03
2024-06-13 23:24:36.849	0.12	-0.02	-0.02	0.01	-0.20
2024-06-13 23:24:36.877	0.12	-0.02	-0.02	-0.13	-0.86
2024-06-13 23:24:36.899	0.12	-0.03	-0.02	-0.02	-0.40
2024-06-13 23:24:36.922	0.12	-0.03	-0.02	-0.14	-0.94
2024-06-13 23:24:36.943	0.12	-0.05	-0.02	-0.02	-0.46
2024-06-13 23:24:36.957	0.12	-0.06	-0.02	0.02	-0.31
2024-06-13 23:24:36.980	0.12	-0.07	-0.02	-0.00	-0.40
2024-06-13 23:24:37.010	0.12	-0.08	-0.01	0.12	0.39
2024-06-13 23:24:37.017	0.11	-0.10	-0.01	0.15	0.48
2024-06-13 23:24:37.052	0.11	-0.12	-0.01	0.29	1.07
2024-06-13 23:24:37.076	0.11	-0.08	-0.00	0.03	0.25
2024-06-13 23:24:37.099	0.11	-0.08	-0.00	0.13	0.69
2024-06-13 23:24:37.121	0.11	-0.07	-0.00	0.03	0.28
2024-06-13 23:24:37.131	0.11	-0.06	-0.00	0.01	0.21
2024-06-13 23:24:37.160	0.11	-0.04	-0.01	-0.00	-0.08
2024-06-13 23:24:37.186	0.10	-0.03	-0.01	-0.15	-0.75
2024-06-13 23:24:37.193	0.10	-0.03	-0.01	-0.14	-0.74
2024-06-13 23:24:37.222	0.10	-0.03	-0.01	-0.17	-0.85
2024-06-13 23:24:37.250	0.10	-0.06	-0.01	-0.01	-0.20
2024-06-13 23:24:37.262	0.10	-0.06	-0.01	0.01	-0.12
2024-06-13 23:24:37.288	0.10	-0.09	-0.01	0.01	-0.17
2024-06-13 23:24:37.315	0.10	-0.08	-0.01	0.13	0.37
2024-06-13 23:24:37.338	0.09	-0.09	-0.01	0.02	-0.15
2024-06-13 23:24:37.364	0.09	-0.10	-0.00	0.14	0.64
2024-06-13 23:24:37.377	0.09	-0.09	-0.00	0.15	0.71
2024-06-13 23:24:37.393	0.09	-0.10	-0.00	0.15	0.72
2024-06-13 23:24:37.427	0.09	-0.07	-0.00	0.02	0.17
2024-06-13 23:24:37.434	0.09	-0.05	-0.00	-0.00	0.10
2024-06-13 23:24:37.462	0.09	-0.04	-0.00	0.00	0.13
2024-06-13 23:24:37.476	0.09	-0.04	-0.00	0.00	0.13
2024-06-13 23:24:37.502	0.09	-0.03	-0.00	-0.00	0.16
2024-06-13 23:24:37.516	0.09	-0.03	-0.00	0.00	0.16
2024-06-13 23:24:37.555	0.08	-0.03	-0.00	-0.14	-0.47
2024-06-13 23:24:37.575	0.08	-0.02	-0.01	-0.02	-0.20
2024-06-13 23:24:37.599	0.08	-0.03	-0.01	-0.13	-0.72
2024-06-13 23:24:37.622	0.08	-0.03	-0.01	-0.01	-0.19
2024-06-13 23:24:37.632	0.08	-0.04	-0.01	-0.01	-0.18
2024-06-13 23:24:37.659	0.08	-0.06	-0.01	-0.01	-0.24
2024-06-13 23:24:37.684	0.08	-0.06	-0.00	0.00	0.05
2024-06-13 23:24:37.710	0.08	-0.06	-0.00	0.14	0.71
2024-06-13 23:24:37.716	0.08	-0.07	0.00	0.15	0.74
2024-06-13 23:24:37.744	0.08	-0.08	0.00	0.15	0.73
2024-06-13 23:24:37.773	0.07	-0.04	0.00	0.02	0.21
2024-06-13 23:24:37.781	0.07	-0.03	0.00	-0.00	0.15
2024-06-13 23:24:37.809	0.07	-0.01	0.00	-0.00	0.17
2024-06-13 23:24:37.823	0.07	-0.01	0.00	-0.00	0.18
2024-06-13 23:24:37.846	0.07	-0.02	0.00	0.02	0.25
2024-06-13 23:24:37.866	0.07	-0.00	0.00	0.00	0.20
2024-06-13 23:24:37.883	0.07	-0.00	0.00	-0.01	0.19
2024-06-13 23:24:37.907	0.07	-0.00	0.00	0.00	0.21
2024-06-13 23:24:37.932	0.07	0.01	0.00	0.00	0.24
2024-06-13 23:24:37.947	0.07	0.01	0.00	0.00	0.24
2024-06-13 23:24:37.974	0.08	0.02	0.00	-0.00	0.27
2024-06-13 23:24:37.990	0.08	0.02	0.00	0.00	0.27
2024-06-13 23:24:38.016	0.08	0.03	0.00	0.00	0.30
2024-06-13 23:24:38.028	0.08	0.03	-0.00	-0.01	0.29
2024-06-13 23:24:38.065	0.08	0.04	-0.00	-0.13	-0.25
2024-06-13 23:24:38.090	0.08	0.05	-0.00	-0.00	0.37
2024-06-13 23:24:38.099	0.08	0.05	-0.00	0.00	0.38
2024-06-13 23:24:38.121	0.08	0.06	-0.00	-0.01	0.36
2024-06-13 23:24:38.137	0.08	0.05	-0.00	-0.01	0.36
2024-06-13 23:24:38.163	0.08	0.06	-0.00	-0.01	0.37
2024-06-13 23:24:38.195	0.09	0.08	-0.00	-0.15	-0.21
2024-06-13 23:24:38.217	0.09	0.08	-0.01	-0.00	0.20
2024-06-13 23:24:38.239	0.09	0.09	-0.01	-0.13	-0.36
2024-06-13 23:24:38.262	0.09	0.08	-0.01	-0.02	0.12
2024-06-13 23:24:38.279	0.09	0.09	-0.01	-0.00	0.24
2024-06-13 23:24:38.293	0.09	0.08	-0.01	-0.01	0.21
2024-06-13 23:24:38.309	0.10	0.07	-0.01	-0.00	0.22
2024-06-13 23:24:38.341	0.10	0.09	-0.01	0.01	0.30
2024-06-13 23:24:38.351	0.10	0.09	-0.01	0.00	0.28
2024-06-13 23:24:38.372	0.10	0.09	-0.01	-0.00	0.27
2024-06-13 23:24:38.400	0.10	0.10	-0.01	0.00	0.30
2024-06-13 23:24:38.413	0.11	0.10	-0.01	-0.01	0.28
2024-06-13 23:24:38.450	0.11	0.11	-0.01	-0.13	-0.24
2024-06-13 23:24:38.473	0.11	0.12	-0.01	-0.02	0.28
2024-06-13 23:24:38.494	0.11	0.13	-0.01	-0.13	-0.17
2024-06-13 23:24:38.513	0.12	0.13	-0.02	-0.02	0.04
2024-06-13 23:24:38.538	0.12	0.12	-0.02	-0.14	-0.51
2024-06-13 23:24:38.562	0.12	0.12	-0.02	-0.02	0.03
2024-06-13 23:24:38.579	0.12	0.13	-0.02	0.00	0.16
2024-06-13 23:24:38.606	0.12	0.12	-0.02	-0.13	-0.44
2024-06-13 23:24:38.628	0.13	0.11	-0.02	-0.02	0.03
2024-06-13 23:24:38.644	0.13	0.13	-0.02	-0.02	0.08
2024-06-13 23:24:38.656	0.13	0.11	-0.02	0.00	0.14
2024-06-13 23:24:38.682	0.13	0.10	-0.02	-0.01	0.10
2024-06-13 23:24:38.699	0.14	0.10	-0.02	0.00	0.12
2024-06-13 23:24:38.728	0.14	0.11	-0.02	0.02	0.24
2024-06-13 23:24:38.740	0.14	0.11	-0.02	0.00	0.19
2024-06-13 23:24:38.758	0.14	0.11	-0.02	0.00	0.18
2024-06-13 23:24:38.796	0.15	0.12	-0.02	-0.14	-0.43
2024-06-13 23:24:38.818	0.15	0.13	-0.03	-0.01	-0.10
2024-06-13 23:24:38.839	0.15	0.14	-0.03	-0.13	-0.60
2024-06-13 23:24:38.860	0.15	0.12	-0.03	-0.02	-0.15
2024-06-13 23:24:38.884	0.15	0.11	-0.03	-0.14	-0.71
2024-06-13 23:24:38.907	0.16	0.11	-0.03	-0.01	-0.13
2024-06-13 23:24:38.916	0.16	0.11	-0.03	-0.01	-0.12
2024-06-13 23:24:38.935	0.16	0.09	-0.03	0.00	-0.09
2024-06-13 23:24:38.965	0.16	0.08	-0.03	-0.01	-0.16
2024-06-13 23:24:38.977	0.16	0.08	-0.03	-0.00	-0.15
2024-06-13 23:24:38.998	0.16	0.07	-0.03	0.01	-0.12
2024-06-13 23:24:39.020	0.17	0.07	-0.03	-0.00	-0.14
2024-06-13 23:24:39.038	0.17	0.07	-0.03	-0.00	-0.14
2024-06-13 23:24:39.064	0.17	0.07	-0.03	0.01	-0.11
2024-06-13 23:24:39.086	0.17	0.06	-0.03	0.00	-0.15
2024-06-13 23:24:39.101	0.17	0.06	-0.03	0.00	-0.15
2024-06-13 23:24:39.137	0.17	0.05	-0.01	-0.02	0.26
2024-06-13 23:24:39.166	0.16	-0.11	0.01	0.64	3.47
2024-06-13 23:24:39.196	0.16	-0.20	0.05	1.29	7.43
2024-06-13 23:24:39.212	0.15	-0.28	0.09	1.76	10.00
2024-06-13 23:24:39.227	0.15	-0.29	0.12	1.98	10.00
2024-06-13 23:24:39.247	0.14	-0.23	0.15	1.47	10.00
2024-06-13 23:24:39.269	0.14	-0.21	0.18	1.53	10.00
2024-06-13 23:24:39.281	0.14	-0.20	0.22	1.65	10.00
2024-06-13 23:24:39.302	0.13	-0.22	0.26	1.82	10.00
2024-06-13 23:24:39.323	0.13	-0.20	0.31	2.10	10.00
2024-06-13 23:24:39.344	0.12	-0.21	0.36	2.28	10.00
2024-06-13 23:24:39.365	0.12	-0.21	0.42	2.57	10.00
2024-06-13 23:24:39.385	0.11	-0.21	0.49	2.99	10.00
2024-06-13 23:24:39.406	0.11	-0.21	0.57	3.33	10.00
2024-06-13 23:24:39.427	0.11	-0.21	0.66	3.90	10.00
2024-06-13 23:24:39.448	0.10	-0.21	0.76	4.38	10.00
2024-06-13 23:24:39.468	0.10	-0.21	0.88	4.97	10.00
2024-06-13 23:24:39.489	0.09	-0.21	1.01	5.85	10.00
2024-06-13 23:24:39.510	0.09	-0.21	1.17	6.63	10.00
2024-06-13 23:24:39.531	0.09	-0.21	1.34	7.66	10.00
2024-06-13 23:24:39.552	0.08	-0.21	1.54	8.59	10.00
2024-06-13 23:24:39.573	0.08	-0.21	1.74	9.52	10.00
2024-06-13 23:24:39.593	0.07	-0.21	1.97	10.17	10.00
2024-06-13 23:24:39.614	0.07	-0.21	2.21	11.06	10.00
2024-06-13 23:24:39.635	0.06	-0.21	2.48	12.24	10.00
2024-06-13 23:24:39.656	0.06	-0.21	2.75	13.18	10.00
2024-06-13 23:24:39.677	0.06	-0.22	3.02	13.60	10.00
2024-06-13 23:24:39.697	0.05	-0.21	3.29	13.52	10.00
2024-06-13 23:24:39.718	0.05	-0.21	3.56	13.50	10.00
2024-06-13 23:24:39.739	0.04	-0.22	3.82	13.24	10.00
2024-06-13 23:24:39.760	0.04	-0.22	4.06	12.93	10.00
2024-06-13 23:24:39.781	0.03	-0.21	4.31	12.63	10.00
2024-06-13 23:24:39.801	0.03	-0.21	4.53	12.18	10.00
2024-06-13 23:24:39.822	0.03	-0.21	4.72	11.06	10.00
2024-06-13 23:24:39.843	0.02	-0.20	4.90	9.99	10.00
2024-06-13 23:24:39.864	0.02	-0.21	5.05	8.78	10.00
2024-06-13 23:24:39.884	0.01	-0.21	5.18	7.69	10.00
2024-06-13 23:24:39.905	0.01	-0.21	5.30	6.88	10.00
2024-06-13 23:24:39.926	0.01	-0.20	5.40	5.84	10.00
2024-06-13 23:24:39.947	0.00	-0.21	5.48	5.16	10.00
2024-06-13 23:24:39.968	-0.00	-0.21	5.55	4.28	10.00
2024-06-13 23:24:39.988	-0.01	-0.21	5.60	3.50	10.00
2024-06-13 23:24:40.009	-0.01	-0.21	5.64	2.86	10.00
2024-06-13 23:24:40.030	-0.01	-0.21	5.67	2.11	10.00
2024-06-13 23:24:40.051	-0.02	-0.21	5.69	1.47	10.00
2024-06-13 23:24:40.072	-0.02	-0.22	5.69	0.86	10.00
2024-06-13 23:24:40.093	-0.03	-0.21	5.69	0.39	10.00
2024-06-13 23:24:40.113	-0.03	-0.21	5.67	0.04	10.00
2024-06-13 23:24:40.134	-0.04	-0.21	5.64	-0.80	10.00
2024-06-13 23:24:40.155	-0.04	-0.21	5.60	-1.43	10.00
2024-06-13 23:24:40.176	-0.04	-0.21	5.55	-2.05	10.00
2024-06-13 23:24:40.197	-0.05	-0.22	5.48	-2.65	10.00
2024-06-13 23:24:40.218	-0.05	-0.21	5.39	-3.41	10.00
2024-06-13 23:24:40.238	-0.06	-0.21	5.29	-4.04	10.00
2024-06-13 23:24:40.259	-0.06	-0.21	5.18	-4.92	10.00
2024-06-13 23:24:40.280	-0.06	-0.21	5.05	-5.70	10.00
2024-06-13 23:24:40.301	-0.07	-0.22	4.90	-6.48	10.00
2024-06-13 23:24:40.322	-0.07	-0.21	4.73	-7.11	10.00
2024-06-13 23:24:40.343	-0.08	-0.21	4.54	-8.39	10.00
2024-06-13 23:24:40.363	-0.08	-0.21	4.32	-9.49	10.00
2024-06-13 23:24:40.384	-0.09	-0.22	4.09	-10.57	10.00
2024-06-13 23:24:40.405	-0.09	-0.21	3.84	-11.63	10.00
2024-06-13 23:24:40.426	-0.09	-0.21	3.59	-12.06	10.00
2024-06-13 23:24:40.447	-0.10	-0.21	3.33	-12.51	10.00
2024-06-13 23:24:40.468	-0.10	-0.21	3.07	-12.98	10.00
2024-06-13 23:24:40.488	-0.11	-0.20	2.81	-13.03	10.00
2024-06-13 23:24:40.508	-0.11	-0.21	2.55	-13.04	10.00
2024-06-13 23:24:40.529	-0.11	-0.21	2.29	-13.17	10.00
2024-06-13 23:24:40.550	-0.12	-0.20	2.05	-12.79	10.00
2024-06-13 23:24:40.571	-0.12	-0.21	1.84	-12.08	10.00
2024-06-13 23:24:40.592	-0.13	-0.22	1.64	-10.92	10.00
2024-06-13 23:24:40.612	-0.13	-0.21	1.47	-9.84	10.00
2024-06-13 23:24:40.633	-0.14	-0.21	1.31	-8.89	10.00
2024-06-13 23:24:40.654	-0.14	-0.21	1.17	-7.96	10.00
2024-06-13 23:24:40.675	-0.14	-0.22	1.05	-7.18	10.00
2024-06-13 23:24:40.696	-0.15	-0.21	0.95	-6.01	10.00
2024-06-13 23:24:40.717	-0.15	-0.21	0.87	-5.05	10.00
2024-06-13 23:24:40.738	-0.16	-0.21	0.81	-4.26	10.00
2024-06-13 23:24:40.758	-0.16	-0.22	0.76	-3.23	10.00
2024-06-13 23:24:40.780	-0.17	-0.21	0.73	-2.56	10.00
2024-06-13 23:24:40.800	-0.17	-0.21	0.71	-1.69	10.00
2024-06-13 23:24:40.821	-0.17	-0.22	0.71	-1.03	10.00
2024-06-13 23:24:40.842	-0.18	-0.21	0.71	-0.27	10.00
2024-06-13 23:24:40.862	-0.18	-0.21	0.74	0.09	10.00
2024-06-13 23:24:40.883	-0.19	-0.21	0.77	1.08	10.00
2024-06-13 23:24:40.904	-0.19	-0.21	0.83	1.87	10.00
2024-06-13 23:24:40.925	-0.19	-0.21	0.89	2.51	10.00
2024-06-13 23:24:40.946	-0.20	-0.21	0.98	3.39	10.00
2024-06-13 23:24:40.967	-0.20	-0.21	1.08	4.18	10.00
2024-06-13 23:24:40.987	-0.21	-0.21	1.20	4.94	10.00
2024-06-13 23:24:41.009	0.00	-0.16	1.34	5.96	10.00
2024-06-13 23:24:41.030	0.00	8.90	1.48	6.49	10.00
2024-06-13 23:24:41.051	0.01	1.38	1.65	7.08	10.00
2024-06-13 23:24:41.071	0.02	0.47	1.83	8.28	10.00
2024-06-13 23:24:41.092	0.02	0.35	2.04	9.10	10.00
2024-06-13 23:24:41.113	0.03	0.30	2.26	9.99	10.00
2024-06-13 23:24:41.134	0.04	0.32	2.51	11.17	10.00
2024-06-13 23:24:41.154	0.04	0.33	2.76	12.00	10.00
2024-06-13 23:24:41.175	0.05	0.31	3.00	12.51	10.00
2024-06-13 23:24:41.196	0.06	0.32	3.25	12.30	10.00
2024-06-13 23:24:41.217	0.06	0.31	3.50	12.27	10.00
2024-06-13 23:24:41.238	0.07	0.32	3.73	12.54	10.00
2024-06-13 23:24:41.258	0.07	0.32	3.96	11.77	10.00
2024-06-13 23:24:41.279	0.08	0.31	4.18	11.54	10.00
2024-06-13 23:24:41.300	0.09	0.32	4.38	10.85	10.00
2024-06-13 23:24:41.321	0.09	0.32	4.56	10.36	10.00
2024-06-13 23:24:41.341	0.10	0.31	4.72	9.23	10.00
2024-06-13 23:24:41.362	0.11	0.32	4.86	8.01	10.00
2024-06-13 23:24:41.383	0.11	0.32	4.97	6.92	10.00
2024-06-13 23:24:41.404	0.12	0.31	5.06	5.71	10.00
2024-06-13 23:24:41.425	0.12	0.31	5.13	4.76	10.00
2024-06-13 23:24:41.445	0.13	0.32	5.19	3.82	10.00
2024-06-13 23:24:41.466	0.14	0.32	5.23	2.91	10.00
2024-06-13 23:24:41.487	0.14	0.31	5.25	1.99	10.00
2024-06-13 23:24:41.508	0.15	0.32	5.25	1.20	10.00
2024-06-13 23:24:41.528	0.16	0.32	5.24	0.16	10.00
2024-06-13 23:24:41.549	0.16	0.32	5.20	-0.51	10.00
2024-06-13 23:24:41.570	0.17	0.31	5.15	-1.54	10.00
2024-06-13 23:24:41.591	0.17	0.32	5.08	-2.45	10.00
2024-06-13 23:24:41.612	0.18	0.32	4.99	-3.38	10.00
2024-06-13 23:24:41.632	0.19	0.31	4.89	-4.30	10.00
2024-06-13 23:24:41.653	0.19	0.32	4.76	-5.23	10.00
2024-06-13 23:24:41.674	0.20	0.31	4.61	-6.28	10.00
2024-06-13 23:24:41.695	0.20	0.32	4.44	-7.22	10.00
2024-06-13 23:24:41.716	0.20	0.09	4.24	-8.29	10.00
2024-06-13 23:24:41.736	0.20	0.01	4.03	-9.65	10.00
2024-06-13 23:24:41.757	0.20	-0.02	3.81	-10.60	10.00
2024-06-13 23:24:41.778	0.20	-0.00	3.57	-10.99	10.00
2024-06-13 23:24:41.799	0.20	0.01	3.33	-11.57	10.00
2024-06-13 23:24:41.820	0.20	-0.01	3.10	-11.78	10.00
2024-06-13 23:24:41.840	0.20	-0.01	2.87	-12.07	10.00
2024-06-13 23:24:41.861	0.21	0.19	2.64	-11.17	10.00
2024-06-13 23:24:41.882	0.21	0.09	2.41	-11.58	10.00
2024-06-13 23:24:41.903	0.21	0.03	2.18	-11.52	10.00
2024-06-13 23:24:41.924	0.21	-0.01	1.98	-11.52	10.00
2024-06-13 23:24:41.944	0.21	-0.01	1.80	-10.21	10.00
2024-06-13 23:24:41.965	0.21	0.01	1.64	-9.20	10.00
2024-06-13 23:24:41.986	0.21	-0.01	1.50	-8.14	10.00
2024-06-13 23:24:42.007	0.21	-0.01	1.38	-7.33	10.00
2024-06-13 23:24:42.028	0.21	-0.01	1.27	-6.17	10.00
2024-06-13 23:24:42.048	0.21	-0.00	1.19	-5.34	10.00
2024-06-13 23:24:42.069	0.21	-0.00	1.13	-4.31	10.00
2024-06-13 23:24:42.089	0.21	-0.00	1.08	-3.37	10.00
2024-06-13 23:24:42.110	0.21	-0.00	1.06	-2.31	10.00
2024-06-13 23:24:42.131	0.21	-0.00	1.06	-1.24	10.00
2024-06-13 23:24:42.152	0.21	-0.00	1.06	-0.44	10.00
2024-06-13 23:24:42.173	0.21	-0.00	1.10	0.34	10.00
2024-06-13 23:24:42.194	0.21	-0.00	1.15	1.51	10.00
2024-06-13 23:24:42.215	0.21	-0.00	1.22	2.46	10.00
2024-06-13 23:24:42.235	0.00	-0.00	1.31	3.38	10.00
2024-06-13 23:24:42.256	0.00	-8.88	1.41	4.29	10.00
2024-06-13 23:24:42.277	0.00	-1.20	1.54	5.23	10.00
2024-06-13 23:24:42.298	0.00	-0.16	1.69	6.28	10.00
2024-06-13 23:24:42.318	0.00	-0.02	1.85	7.08	10.00
2024-06-13 23:24:42.339	0.00	-0.00	2.03	8.13	10.00
2024-06-13 23:24:42.360	0.00	-0.00	2.24	9.05	10.00
2024-06-13 23:24:42.381	0.00	-0.00	2.46	10.11	10.00
2024-06-13 23:24:42.401	0.00	-0.00	2.70	11.05	10.00
2024-06-13 23:24:42.422	0.00	-0.00	2.93	11.57	10.00
2024-06-13 23:24:42.443	-0.00	-0.00	3.17	11.78	10.00
2024-06-13 23:24:42.464	0.00	-0.01	3.40	11.67	10.00
2024-06-13 23:24:42.484	0.00	0.01	3.62	11.53	10.00
2024-06-13 23:24:42.505	0.00	0.00	3.84	11.38	10.00
2024-06-13 23:24:42.526	0.00	0.00	4.05	11.09	10.00
2024-06-13 23:24:42.547	0.00	0.00	4.25	10.52	10.00
2024-06-13 23:24:42.567	0.00	0.00	4.43	10.03	10.00
2024-06-13 23:24:42.588	0.00	0.00	4.58	9.05	10.00
2024-06-13 23:24:42.609	0.00	0.00	4.72	7.86	10.00
2024-06-13 23:24:42.629	0.00	0.00	4.83	6.77	10.00
2024-06-13 23:24:42.650	0.00	0.00	4.91	5.69	10.00
2024-06-13 23:24:42.671	0.00	0.00	4.98	4.61	10.00
2024-06-13 23:24:42.692	0.00	0.00	5.03	3.55	10.00
2024-06-13 23:24:42.712	0.00	0.00	5.06	2.60	10.00
2024-06-13 23:24:42.733	0.00	0.00	5.07	1.55	10.00
2024-06-13 23:24:42.754	0.00	0.00	5.06	0.60	10.00
2024-06-13 23:24:42.774	0.00	0.00	5.04	-0.19	10.00
2024-06-13 23:24:42.795	0.00	0.00	4.99	-1.22	10.00
2024-06-13 23:24:42.816	0.00	0.00	4.92	-2.28	10.00
2024-06-13 23:24:42.837	0.00	0.00	4.84	-3.09	10.00
2024-06-13 23:24:42.857	0.00	0.00	4.73	-4.27	10.00
2024-06-13 23:24:42.878	0.00	0.00	4.60	-5.22	10.00
2024-06-13 23:24:42.899	0.00	0.00	4.45	-6.28	10.00
2024-06-13 23:24:42.920	0.00	0.00	4.28	-7.35	10.00
2024-06-13 23:24:42.940	0.00	0.00	4.08	-8.55	10.00
2024-06-13 23:24:42.961	0.00	0.00	3.88	-9.51	10.00
2024-06-13 23:24:42.982	0.00	0.00	3.66	-10.17	10.00
2024-06-13 23:24:43.003	0.00	0.00	3.44	-10.67	10.00
2024-06-13 23:24:43.023	0.00	0.01	3.22	-10.99	10.00
2024-06-13 23:24:43.044	0.00	-0.01	2.99	-11.17	10.00
2024-06-13 23:24:43.065	0.00	-0.00	2.76	-11.59	10.00
2024-06-13 23:24:43.086	0.00	-0.00	2.53	-11.38	10.00
2024-06-13 23:24:43.106	-0.00	-0.00	2.35	-11.22	10.00
2024-06-13 23:24:43.127	0.00	-0.01	2.21	-9.62	10.00
2024-06-13 23:24:43.148	0.00	0.01	2.13	-7.00	10.00
2024-06-13 23:24:43.169	0.00	0.00	2.09	-4.39	10.00
2024-06-13 23:24:43.189	0.00	0.00	2.07	-2.58	10.00
2024-06-13 23:24:43.210	0.00	0.00	2.06	-1.14	10.00
2024-06-13 23:24:43.231	0.00	0.00	2.07	-0.42	10.00
2024-06-13 23:24:43.252	0.00	0.00	2.10	0.21	10.00
2024-06-13 23:24:43.272	0.00	0.00	2.15	1.35	10.00
2024-06-13 23:24:43.293	0.00	0.00	2.22	2.44	10.00
2024-06-13 23:24:43.314	0.00	0.00	2.30	3.24	10.00
2024-06-13 23:24:43.334	0.00	0.00	2.40	4.16	10.00
2024-06-13 23:24:43.355	0.00	0.00	2.49	4.67	10.00
2024-06-13 23:24:43.376	0.00	0.00	2.59	4.87	10.00
2024-06-13 23:24:43.397	0.00	0.00	2.68	4.77	10.00
2024-06-13 23:24:43.417	0.00	0.00	2.76	4.62	10.00
2024-06-13 23:24:43.438	0.00	0.00	2.83	3.95	10.00
2024-06-13 23:24:43.459	0.00	0.00	2.89	3.46	10.00
2024-06-13 23:24:43.479	0.00	0.00	2.93	3.00	10.00
2024-06-13 23:24:43.501	0.00	0.00	2.98	2.39	10.00
2024-06-13 23:24:43.521	0.00	0.00	3.02	2.18	10.00
2024-06-13 23:24:43.542	0.00	0.00	3.05	2.03	10.00
2024-06-13 23:24:43.562	0.00	0.00	3.09	1.86	10.00
2024-06-13 23:24:43.583	0.00	0.00	3.12	1.84	10.00
2024-06-13 23:24:43.604	0.00	0.00	3.14	1.58	10.00
2024-06-13 23:24:43.625	0.00	0.00	3.16	1.28	10.00
2024-06-13 23:24:43.645	0.00	0.00	3.17	0.83	10.00
2024-06-13 23:24:43.666	0.00	0.00	3.18	0.65	10.00
2024-06-13 23:24:43.687	0.00	0.00	3.18	0.35	10.00
2024-06-13 23:24:43.707	0.00	0.00	3.19	0.31	10.00
2024-06-13 23:24:43.728	0.00	0.00	3.19	0.31	10.00
2024-06-13 23:24:43.749	0.00	0.00	3.19	0.04	10.00
2024-06-13 23:24:43.769	0.00	0.00	3.19	0.01	10.00
2024-06-13 23:24:43.790	0.00	0.00	3.19	0.01	10.00
2024-06-13 23:24:43.811	0.00	0.00	3.18	-0.13	10.00
2024-06-13 23:24:43.832	0.00	0.00	3.17	-0.29	10.00
2024-06-13 23:24:43.852	0.00	0.00	3.16	-0.43	10.00
2024-06-13 23:24:43.873	0.00	0.00	3.15	-0.45	10.00
2024-06-13 23:24:43.894	0.00	0.00	3.14	-0.46	10.00
2024-06-13 23:24:43.914	0.00	0.00	3.13	-0.46	10.00
2024-06-13 23:24:43.935	0.00	0.00	3.12	-0.59	10.00
2024-06-13 23:24:43.956	0.00	0.00	3.11	-0.61	10.00
2024-06-13 23:24:43.977	0.00	0.00	3.10	-0.61	10.00
2024-06-13 23:24:43.998	0.00	0.00	3.09	-0.48	10.00
2024-06-13 23:24:44.018	0.00	0.00	3.07	-0.59	10.00
2024-06-13 23:24:44.039	0.00	0.00	3.06	-0.62	10.00
2024-06-13 23:24:44.060	0.00	0.00	3.05	-0.48	10.00
2024-06-13 23:24:44.081	0.00	0.00	3.04	-0.60	10.00
2024-06-13 23:24:44.102	0.00	0.00	3.04	-0.48	10.00
2024-06-13 23:24:44.122	0.00	0.00	3.03	-0.34	10.00
2024-06-13 23:24:44.143	0.00	0.00	3.02	-0.31	10.00
2024-06-13 23:24:44.164	0.00	0.00	3.02	-0.31	10.00
2024-06-13 23:24:44.184	0.00	0.00	3.02	-0.31	10.00
2024-06-13 23:24:44.205	0.00	0.00	3.02	-0.18	10.00
2024-06-13 23:24:44.226	0.00	0.00	3.02	-0.03	10.00
2024-06-13 23:24:44.246	0.00	0.00	3.02	0.00	10.00
2024-06-13 23:24:44.267	0.00	0.00	3.02	0.00	10.00
2024-06-13 23:24:44.288	0.00	0.00	3.02	0.13	10.00
2024-06-13 23:24:44.309	0.00	0.00	3.03	0.16	10.00
2024-06-13 23:24:44.329	0.00	0.00	3.04	0.41	10.00
2024-06-13 23:24:44.350	0.00	0.00	3.05	0.32	10.00
2024-06-13 23:24:44.371	0.00	0.00	3.06	0.44	10.00
2024-06-13 23:24:44.391	0.00	0.00	3.07	0.60	10.00
2024-06-13 23:24:44.412	0.00	0.00	3.08	0.48	10.00
2024-06-13 23:24:44.433	0.00	0.00	3.09	0.59	10.00
2024-06-13 23:24:44.454	0.00	0.00	3.10	0.48	10.00
2024-06-13 23:24:44.474	0.00	0.00	3.11	0.60	10.00
2024-06-13 23:24:44.495	0.00	0.00	3.12	0.48	10.00
2024-06-13 23:24:44.516	0.00	0.00	3.13	0.59	10.00
2024-06-13 23:24:44.536	0.00	0.00	3.14	0.48	10.00
2024-06-13 23:24:44.557	0.00	0.00	3.15	0.47	10.00
2024-06-13 23:24:44.578	0.00	0.00	3.15	0.46	10.00
2024-06-13 23:24:44.598	0.00	0.00	3.16	0.20	10.00
2024-06-13 23:24:44.619	0.00	0.00	3.16	0.29	10.00
2024-06-13 23:24:44.640	0.00	0.00	3.17	0.17	10.00
2024-06-13 23:24:44.660	0.00	0.00	3.17	0.16	10.00
2024-06-13 23:24:44.681	0.00	0.00	3.17	0.01	10.00
2024-06-13 23:24:44.702	0.00	0.00	3.17	-0.00	10.00
2024-06-13 23:24:44.723	0.00	0.00	3.16	0.01	10.00
2024-06-13 23:24:44.743	0.00	0.00	3.15	-0.26	10.00
2024-06-13 23:24:44.764	0.00	0.00	3.15	-0.29	10.00
2024-06-13 23:24:44.785	0.00	0.00	3.14	-0.31	10.00
2024-06-13 23:24:44.806	0.00	0.00	3.13	-0.44	10.00
2024-06-13 23:24:44.827	0.00	0.00	3.12	-0.46	10.00
2024-06-13 23:24:44.847	0.00	0.00	3.11	-0.46	10.00
2024-06-13 23:24:44.868	0.00	0.00	3.10	-0.46	10.00
2024-06-13 23:24:44.889	0.00	0.00	3.09	-0.46	10.00
2024-06-13 23:24:44.909	0.00	0.00	3.08	-0.58	10.00
2024-06-13 23:24:44.930	0.00	0.00	3.07	-0.48	10.00
2024-06-13 23:24:44.951	0.00	0.00	3.06	-0.46	10.00
2024-06-13 23:24:44.972	0.00	0.00	3.05	-0.47	10.00
2024-06-13 23:24:44.992	0.00	0.00	3.04	-0.46	10.00
2024-06-13 23:24:45.013	0.00	0.00	3.04	-0.46	10.00
2024-06-13 23:24:45.034	0.00	0.00	3.03	-0.33	10.00
2024-06-13 23:24:45.054	0.00	0.00	3.03	-0.31	10.00
2024-06-13 23:24:45.075	0.00	0.00	3.02	-0.18	10.00
2024-06-13 23:24:45.096	0.00	0.00	3.03	-0.16	10.00
2024-06-13 23:24:45.117	0.00	0.00	3.02	-0.01	10.00
2024-06-13 23:24:45.138	0.00	0.00	3.02	-0.12	10.00
2024-06-13 23:24:45.158	0.00	0.00	3.02	-0.02	10.00
2024-06-13 23:24:45.179	0.00	0.00	3.02	-0.01	10.00
2024-06-13 23:24:45.200	0.00	0.00	3.03	0.10	10.00
2024-06-13 23:24:45.221	0.00	0.00	3.04	0.29	10.00
2024-06-13 23:24:45.241	0.00	0.00	3.04	0.31	10.00
2024-06-13 23:24:45.262	0.00	0.00	3.05	0.44	10.00
2024-06-13 23:24:45.283	0.00	0.00	3.06	0.33	10.00
2024-06-13 23:24:45.303	0.00	0.00	3.07	0.44	10.00
2024-06-13 23:24:45.324	0.00	0.00	3.08	0.45	10.00
2024-06-13 23:24:45.345	0.00	0.00	3.09	0.60	10.00
2024-06-13 23:24:45.366	0.00	0.00	3.10	0.48	10.00
2024-06-13 23:24:45.386	0.00	0.00	3.11	0.46	10.00
2024-06-13 23:24:45.407	0.00	0.00	3.12	0.46	10.00
2024-06-13 23:24:45.428	0.00	0.00	3.13	0.46	10.00
2024-06-13 23:24:45.448	0.00	0.00	3.14	0.33	10.00
2024-06-13 23:24:45.469	0.00	0.00	3.14	0.44	10.00
2024-06-13 23:24:45.490	0.00	0.00	3.14	0.32	10.00
2024-06-13 23:24:45.511	0.00	0.00	3.15	0.18	10.00
2024-06-13 23:24:45.531	0.00	0.00	3.15	0.16	10.00
2024-06-13 23:24:45.552	0.00	0.00	3.15	0.15	10.00
2024-06-13 23:24:45.573	0.00	0.00	3.15	0.02	10.00
2024-06-13 23:24:45.593	0.00	0.00	3.15	0.13	10.00
2024-06-13 23:24:45.614	0.00	0.00	3.15	0.02	10.00
2024-06-13 23:24:45.635	0.00	0.00	3.15	0.01	10.00
2024-06-13 23:24:45.656	0.00	0.00	3.14	-0.27	10.00
2024-06-13 23:24:45.676	0.00	0.00	3.14	-0.29	10.00
2024-06-13 23:24:45.697	0.00	0.00	3.13	-0.31	10.00
2024-06-13 23:24:45.718	0.00	0.00	3.12	-0.31	10.00
2024-06-13 23:24:45.739	0.00	0.00	3.11	-0.44	10.00
2024-06-13 23:24:45.759	0.00	0.00	3.10	-0.46	10.00
2024-06-13 23:24:45.780	0.00	0.00	3.10	-0.33	10.00
2024-06-13 23:24:45.801	0.00	0.00	3.09	-0.44	10.00
2024-06-13 23:24:45.821	0.00	0.00	3.08	-0.45	10.00
2024-06-13 23:24:45.842	0.00	0.00	3.07	-0.46	10.00
2024-06-13 23:24:45.863	0.00	0.00	3.06	-0.33	10.00
2024-06-13 23:24:45.884	0.00	0.00	3.06	-0.45	10.00
2024-06-13 23:24:45.904	0.00	0.00	3.05	-0.33	10.00
2024-06-13 23:24:45.925	0.00	0.00	3.04	-0.31	10.00
2024-06-13 23:24:45.946	0.00	0.00	3.04	-0.29	10.00
2024-06-13 23:24:45.967	0.00	0.00	3.04	-0.18	10.00
2024-06-13 23:24:45.987	0.00	0.00	3.03	-0.15	10.00
2024-06-13 23:24:46.008	0.00	0.00	3.03	-0.16	10.00
2024-06-13 23:24:46.029	0.00	0.00	3.03	-0.03	10.00
2024-06-13 23:24:46.050	0.00	0.00	3.03	-0.01	10.00
2024-06-13 23:24:46.070	0.00	0.00	3.04	0.00	10.00
2024-06-13 23:24:46.091	0.00	0.00	3.04	0.13	10.00
2024-06-13 23:24:46.112	0.00	0.00	3.05	0.15	10.00
2024-06-13 23:24:46.132	0.00	0.00	3.05	0.30	10.00
2024-06-13 23:24:46.153	0.00	0.00	3.06	0.30	10.00
2024-06-13 23:24:46.173	0.00	0.00	3.06	0.30	10.00
2024-06-13 23:24:46.194	0.00	0.00	3.07	0.31	10.00
2024-06-13 23:24:46.215	0.00	0.00	3.08	0.44	10.00
2024-06-13 23:24:46.236	0.00	0.00	3.09	0.46	10.00
2024-06-13 23:24:46.256	0.00	0.00	3.10	0.33	10.00
2024-06-13 23:24:46.277	0.00	0.00	3.10	0.44	10.00
2024-06-13 23:24:46.298	0.00	0.00	3.11	0.33	10.00
2024-06-13 23:24:46.318	0.00	0.00	3.12	0.44	10.00
2024-06-13 23:24:46.339	0.00	0.00	3.13	0.32	10.00
2024-06-13 23:24:46.360	0.00	0.00	3.13	0.31	10.00
2024-06-13 23:24:46.381	0.00	0.00	3.14	0.31	10.00
2024-06-13 23:24:46.401	0.00	0.00	3.14	0.31	10.00
2024-06-13 23:24:46.422	0.00	0.00	3.14	0.17	10.00
2024-06-13 23:24:46.443	0.00	0.00	3.14	0.16	10.00
2024-06-13 23:24:46.463	0.00	0.00	3.14	0.02	10.00
2024-06-13 23:24:46.484	0.00	0.00	3.14	0.00	10.00
2024-06-13 23:24:46.505	0.00	0.00	3.14	-0.01	10.00
2024-06-13 23:24:46.526	0.00	0.00	3.14	0.01	10.00
2024-06-13 23:24:46.546	0.00	0.00	3.14	0.00	10.00
2024-06-13 23:24:46.567	0.00	0.00	3.14	-0.26	10.00
2024-06-13 23:24:46.588	0.00	0.00	3.13	-0.17	10.00
2024-06-13 23:24:46.609	0.00	0.00	3.12	-0.29	10.00
2024-06-13 23:24:46.630	0.00	0.00	3.11	-0.30	10.00
2024-06-13 23:24:46.650	0.00	0.00	3.11	-0.44	10.00
2024-06-13 23:24:46.671	0.00	0.00	3.10	-0.32	10.00
2024-06-13 23:24:46.692	0.00	0.00	3.09	-0.45	10.00
2024-06-13 23:24:46.713	0.00	0.00	3.09	-0.34	10.00
2024-06-13 23:24:46.733	0.00	0.00	3.08	-0.30	10.00
2024-06-13 23:24:46.754	0.00	0.00	3.07	-0.30	10.00
2024-06-13 23:24:46.775	0.00	0.00	3.07	-0.30	10.00
2024-06-13 23:24:46.796	0.00	0.00	3.06	-0.30	10.00
2024-06-13 23:24:46.816	0.00	0.00	3.06	-0.31	10.00
2024-06-13 23:24:46.837	0.00	0.00	3.05	-0.18	10.00
2024-06-13 23:24:46.858	0.00	0.00	3.05	-0.29	10.00
2024-06-13 23:24:46.879	0.00	0.00	3.05	-0.04	10.00
2024-06-13 23:24:46.899	0.00	0.00	3.05	-0.14	10.00
2024-06-13 23:24:46.920	0.00	0.00	3.05	-0.02	10.00
2024-06-13 23:24:46.941	0.00	0.00	3.05	-0.00	10.00
2024-06-13 23:24:46.961	0.00	0.00	3.05	0.00	10.00
2024-06-13 23:24:46.982	0.00	0.00	3.05	0.00	10.00
2024-06-13 23:24:47.003	0.00	0.00	3.06	0.13	10.00
2024-06-13 23:24:47.024	0.00	0.00	3.06	0.14	10.00
2024-06-13 23:24:47.044	0.00	0.00	3.06	0.29	10.00
2024-06-13 23:24:47.065	0.00	0.00	3.07	0.16	10.00
2024-06-13 23:24:47.086	0.00	0.00	3.08	0.28	10.00
2024-06-13 23:24:47.106	0.00	0.00	3.08	0.31	10.00
2024-06-13 23:24:47.127	0.00	0.00	3.09	0.31	10.00
2024-06-13 23:24:47.148	0.00	0.00	3.10	0.31	10.00
2024-06-13 23:24:47.169	0.00	0.00	3.10	0.31	10.00
2024-06-13 23:24:47.189	0.00	0.00	3.11	0.31	10.00
2024-06-13 23:24:47.210	0.00	0.00	3.11	0.31	10.00
2024-06-13 23:24:47.231	0.00	0.00	3.12	0.31	10.00
2024-06-13 23:24:47.251	0.00	0.00	3.12	0.30	10.00
2024-06-13 23:24:47.272	0.00	0.00	3.13	0.16	10.00
2024-06-13 23:24:47.293	0.00	0.00	3.13	0.30	10.00
2024-06-13 23:24:47.314	0.00	0.00	3.13	0.17	10.00
2024-06-13 23:24:47.334	0.00	0.00	3.14	0.02	10.00
2024-06-13 23:24:47.355	0.00	0.00	3.14	0.14	10.00
2024-06-13 23:24:47.376	0.00	0.00	3.14	0.02	10.00
2024-06-13 23:24:47.396	0.00	0.00	3.14	-0.00	10.00
2024-06-13 23:24:47.417	0.00	0.00	3.14	-0.00	10.00
2024-06-13 23:24:47.438	0.00	0.00	3.13	0.00	10.00
2024-06-13 23:24:47.459	0.00	0.00	3.13	-0.13	10.00
2024-06-13 23:24:47.479	0.00	0.00	3.13	-0.15	10.00
2024-06-13 23:24:47.500	0.00	0.00	3.12	-0.15	10.00
2024-06-13 23:24:47.521	0.00	0.00	3.11	-0.29	10.00
2024-06-13 23:24:47.542	0.00	0.00	3.11	-0.29	10.00
2024-06-13 23:24:47.562	0.00	0.00	3.10	-0.31	10.00
2024-06-13 23:24:47.583	0.00	0.00	3.10	-0.18	10.00
2024-06-13 23:24:47.604	0.00	0.00	3.09	-0.29	10.00
2024-06-13 23:24:47.625	0.00	0.00	3.09	-0.31	10.00
